1756837755315 0.0 0
1756837767248 0.0 1
1756837778780 0.08068 2
1756837790492 0.08561 3
1756837802536 0.15383 4
1756837814396 0.20082 5
1756837826229 0.26124 6
1756837837825 0.25378 7
1756837849465 0.36153 8
1756837861321 0.41403 9
1756837873006 0.42173 10
1756837884591 0.41958 11
1756837896203 0.37449 12
1756837908097 0.36551 13
1756837920284 0.38849 14
1756837935083 0.38772 15
1756837947981 0.36752 16
1756837959613 0.34612 17
1756837971605 0.37692 18
1756837983188 0.37262 19
1756837994678 0.34343 20
1756838006298 0.35018 21
1756838017958 0.36624 22
1756838029710 0.38711 23
1756838041420 0.39944 24
1756838053446 0.43405 25
1756838065523 0.42689 26
1756838077071 0.43934 27
1756838089259 0.43934 28
1756838101439 0.40526 29
1756838112938 0.39532 30
1756838124670 0.40051 31
1756838136385 0.40051 32
1756838147939 0.361 33
1756838159570 0.37991 34
1756838171154 0.39173 35
1756838182600 0.39173 36
1756838194085 0.37134 37
1756838205548 0.36183 38
1756838217040 0.37673 39
1756838228484 0.37673 40
1756838240076 0.37526 41
1756838251504 0.38816 42
1756838262982 0.42591 43
1756838274643 0.42591 44
1756838286460 0.41888 45
1756838287701 0.4338447876197877 45
