1756837755315 0.0 0
1756837767248 0.0 1
1756837778780 0.04841 2
1756837790492 0.0511 3
1756837802536 0.10379 4
1756837814396 0.10525 5
1756837826229 0.18981 6
1756837837825 0.19722 7
1756837849465 0.24979 8
1756837861321 0.29584 9
1756837873006 0.29195 10
1756837884591 0.30455 11
1756837896203 0.30318 12
1756837908097 0.29575 13
1756837920284 0.30187 14
1756837935083 0.29539 15
1756837947981 0.28478 16
1756837959613 0.2789 17
1756837971605 0.29712 18
1756837983188 0.28816 19
1756837994678 0.27155 20
1756838006298 0.26996 21
1756838017958 0.27731 22
1756838029710 0.30451 23
1756838041420 0.30905 24
1756838053446 0.36597 25
1756838065523 0.32734 26
1756838077071 0.32321 27
1756838089259 0.32321 28
1756838101439 0.28867 29
1756838112938 0.24852 30
1756838124670 0.24661 31
1756838136385 0.24661 32
1756838147939 0.2608 33
1756838159570 0.31677 34
1756838171154 0.32134 35
1756838182600 0.32134 36
1756838194085 0.30866 37
1756838205548 0.29653 38
1756838217040 0.3007 39
1756838228484 0.3007 40
1756838240076 0.31473 41
1756838251504 0.33618 42
1756838262982 0.35943 43
1756838274643 0.35943 44
1756838286460 0.3565 45
1756838287701 0.3658258800650656 45
