1756837755315 0.0 0
1756837767248 0.0 1
1756837778780 0.00345 2
1756837790492 0.00888 3
1756837802536 0.02103 4
1756837814396 0.02006 5
1756837826229 0.01932 6
1756837837825 0.0164 7
1756837849465 0.02298 8
1756837861321 0.02291 9
1756837873006 0.02376 10
1756837884591 0.02543 11
1756837896203 0.02751 12
1756837908097 0.02881 13
1756837920284 0.02863 14
1756837935083 0.02593 15
1756837947981 0.02264 16
1756837959613 0.02268 17
1756837971605 0.02276 18
1756837983188 0.66088 19
1756837994678 0.65583 20
1756838006298 0.64953 21
1756838017958 0.64943 22
1756838029710 0.22491 23
1756838041420 0.02183 24
1756838053446 0.02164 25
1756838065523 0.69723 26
1756838077071 0.2998 27
1756838089259 0.2998 28
1756838101439 0.28817 29
1756838112938 0.28843 30
1756838124670 0.30949 31
1756838136385 0.30949 32
1756838147939 0.6419 33
1756838159570 0.63516 34
1756838171154 0.61837 35
1756838182600 0.61837 36
1756838194085 0.62816 37
1756838205548 0.27512 38
1756838217040 0.31753 39
1756838228484 0.31753 40
1756838240076 0.28658 41
1756838251504 0.284 42
1756838262982 0.29383 43
1756838274643 0.29383 44
1756838286460 0.29525 45
1756838287701 0.021507955294546913 45
