1756837755315 0.0 0
1756837767248 0.0 1
1756837778780 0.09524 2
1756837790492 0.2381 3
1756837802536 0.80952 4
1756837814396 0.80952 5
1756837826229 0.80952 6
1756837837825 0.42857 7
1756837849465 0.90476 8
1756837861321 0.90476 9
1756837873006 0.90476 10
1756837884591 0.90476 11
1756837896203 0.90476 12
1756837908097 0.90476 13
1756837920284 0.90476 14
1756837935083 0.90476 15
1756837947981 0.90476 16
1756837959613 0.90476 17
1756837971605 0.90476 18
1756837983188 0.45738 19
1756837994678 0.42547 20
1756838006298 0.42857 21
1756838017958 0.42857 22
1756838029710 0.57143 23
1756838041420 0.90476 24
1756838053446 0.90476 25
1756838065523 0.34287 26
1756838077071 0.52268 27
1756838089259 0.52268 28
1756838101439 0.55887 29
1756838112938 0.5593 30
1756838124670 0.50559 31
1756838136385 0.50559 32
1756838147939 0.50209 33
1756838159570 0.47619 34
1756838171154 0.47619 35
1756838182600 0.47619 36
1756838194085 0.47619 37
1756838205548 0.45742 38
1756838217040 0.55796 39
1756838228484 0.55796 40
1756838240076 0.45502 41
1756838251504 0.45148 42
1756838262982 0.47355 43
1756838274643 0.47355 44
1756838286460 0.48127 45
1756838287701 0.9047619047619048 45
