7 0.8515625 0.5156250000000002 0.7875 0.5156250000000002 0.7875 0.6312500000000002 0.8515625 0.6312500000000002
7 0.7203125 0.525 0.6734375 0.525 0.6734375 0.615625 0.7203125 0.615625
4 0.584375 0.5453125 0.5203125 0.5453125 0.5203125 0.653125 0.584375 0.653125
7 0.4453125 0.5453125 0.3890625000000001 0.5453125 0.3890625000000001 0.6609375 0.4453125 0.6609375
4 0.33281250000000007 0.54375 0.2796875000000001 0.54375 0.2796875000000001 0.65 0.33281250000000007 0.65
4 0.2140625000000001 0.53125 0.17656250000000004 0.53125 0.17656250000000007 0.6421875 0.2140625000000001 0.6421875
4 0.10937500000000007 0.5359375 0.07656250000000006 0.5359375 0.07656250000000006 0.634375 0.10937500000000008 0.634375
0 0.840625 0.4750000000000002 0.790625 0.4750000000000002 0.790625 0.5140625000000002 0.840625 0.5140625000000002
2 0.725 0.4828125 0.6796875 0.4828125 0.6796875 0.5234375 0.725 0.5234375
3 0.58125 0.4921875 0.534375 0.4921875 0.534375 0.540625 0.58125 0.540625
3 0.440625 0.50625 0.3968750000000001 0.50625 0.3968750000000001 0.5453125 0.440625 0.5453125
3 0.3468750000000001 0.4859375 0.2812500000000001 0.4859375 0.2812500000000001 0.5390625 0.3468750000000001 0.5390625
0 0.2218750000000001 0.490625 0.17812500000000003 0.490625 0.17812500000000003 0.5265625 0.2218750000000001 0.5265625
2 0.12500000000000006 0.4890625 0.06562500000000007 0.4890625 0.06562500000000007 0.540625 0.12500000000000006 0.540625