5 0.46363636298157046 0.5272727281193911 0.4055397728525641 0.35298295445512823 0.3808238645584935 0.3612215903982372 0.43892045468749996 0.5355113640625
4 0.5273255943266655 0.5096663429044175 0.48011363593749995 0.34943181875 0.45781313622320263 0.3560025017543341 0.5050250946123682 0.5162370259087516
4 0.5859353485306722 0.5189620183940716 0.5252226169028782 0.3427470205747318 0.506048632434706 0.34935318343066013 0.5667613640625 0.5255681812499999
4 0.6278891480306359 0.5130597400868593 0.5975772166526049 0.3398487029604957 0.574801704559469 0.3438344175611363 0.6051136359375 0.5170454546874999
4 0.697097665099449 0.5219594597186207 0.6446099514416088 0.3513743855192658 0.6236486504046597 0.3578240164256452 0.6761363640625 0.5284090906250001
4 0.7632092480530611 0.5140068310714762 0.7097649549063709 0.3552009332592465 0.6889204546875 0.36221590937500003 0.7423647478341904 0.5210218071872298
4 0.8177488786954681 0.5075249041575036 0.7688638017731186 0.35475903814500215 0.7479899230776503 0.3614386792999985 0.7968749999999998 0.5142045453125
4 0.8633541382336862 0.4912338606516897 0.80681818125 0.3622159093750001 0.7881938602062417 0.3703771288251691 0.8447298171899277 0.4993950801018586
4 0.906499835636884 0.4736833357856282 0.8621242210871571 0.35432823278361875 0.8409090906250001 0.36221590937500003 0.8852847051747267 0.48157101237700956
4 0.9797459243116314 0.4898180158266806 0.936909154261992 0.3887232345891101 0.901006525 0.4039362125 0.9438432950496394 0.5050309937375704
5 0.27063457899545096 0.5006849873380257 0.20683627185044734 0.3211595179776076 0.1832386359375 0.32954545468749996 0.2470369430825036 0.5090709240479181
5 0.3322108019807119 0.5124968081535435 0.2877537673577161 0.31984965486037903 0.26420454531250004 0.32528409062499997 0.30866157993549587 0.5179312439181645
4 0.39062500000000006 0.5170454546875002 0.34354374366055507 0.35154770427464055 0.3170804169135201 0.35907606443097795 0.3641616732529651 0.5245738148438376
7 0.13692639030741943 0.5397069050218823 0.13550823078994367 0.4229126748369946 0.0957586109375 0.4233953296875 0.09717677045497577 0.5401895598723878
0 0.15000000000000005 0.3625 0.10781250000000005 0.3625 0.10781250000000005 0.41875 0.15000000000000005 0.41875
3 0.971875 0.3296875000000001 0.9109375 0.3296875000000001 0.9109375 0.3890625000000001 0.971875 0.3890625000000001