4 0.4875 5.606586127346476e-17 0.428125 5.2430191088496056e-17 0.428125 0.039062500000000056 0.4875 0.039062500000000056
4 0.5340909093749999 0.6477272734375001 0.39878909915477295 0.608019132918872 0.39149661873836034 0.63286758435601 0.5267984289585874 0.672575724874638
4 0.5355113640625 0.6065340906250001 0.410892807204802 0.5576331383732945 0.4016604443172226 0.5811607730400936 0.5262790011749207 0.6300617252917993
4 0.5269886359375 0.5440340906250001 0.4196188848815116 0.5135642964279767 0.4128030075209449 0.5375821500012605 0.5201727585769332 0.5680519441982838
5 0.5312500000000001 0.49715909062500013 0.39572536904012556 0.4539699232550028 0.38829686862879975 0.47728004563373555 0.5238214995886743 0.520469213003733
5 0.5255681812499999 0.4545454546875001 0.40086192968615836 0.3958601602136559 0.3895626769411419 0.4198710724521805 0.5142689285049835 0.4785563669260247
5 0.5184659093750001 0.38920454531250015 0.3715782080831931 0.35013866708992614 0.365546418343209 0.37281819638487496 0.5124341196350161 0.41188407460744897
5 0.5170454546875 0.328125 0.3906987800939503 0.2865049195537403 0.38312065772499876 0.3095099342176672 0.5094673323185485 0.3511300146639269
5 0.5056818187500001 0.2741477265625 0.39448800410121626 0.234994976454216 0.38836470693571623 0.2523851410831873 0.4995585215845 0.2915378911914714
5 0.5120962174013195 0.2108964603550191 0.4040768576780501 0.17732287529408383 0.39764069678243374 0.1980305232190403 0.5056600565057032 0.23160410827997552
5 0.5209045427595522 0.16402761386204828 0.396173300916297 0.14219964615359126 0.3922358251856845 0.1646995070736111 0.5169670670289398 0.1865274747820681
5 0.502840909375 0.13352272656250003 0.42042029918537127 0.08842465728796027 0.40895392294396726 0.10938044855980329 0.4913745331335962 0.15447851783434302
5 0.5105447865852508 0.07115641705203293 0.40767045468749996 0.048295454687500045 0.40108623008719724 0.07792446575099485 0.503960561984948 0.10078542811552774
7 0.5722124175789944 0.6900468281998882 0.5612671228306689 0.6537283498230942 0.43593626190028106 0.6914992938508869 0.44688155664860646 0.7278177722276808
3 0.4437500000000001 0.7 0.3890625000000001 0.7 0.3890625000000001 0.75 0.4437500000000002 0.75
2 0.5234375 0.00937500000000006 0.465625 0.009375000000000059 0.465625 0.050000000000000065 0.5234375 0.050000000000000065