4 0.8171875 0.46406250000000016 0.7765625 0.46406250000000016 0.7765625 0.6203125000000002 0.8171875 0.6203125000000002
7 0.7140625 0.4625 0.684375 0.4625 0.684375 0.6375 0.7140625 0.6375
5 0.6328125 0.4671875 0.6109375 0.4671875 0.6109375 0.6453125 0.6328125 0.6453125
4 0.5078125 0.4609375 0.4703125 0.4609375 0.4703125 0.6359375 0.5078125 0.6359375
4 0.4328125 0.46875 0.3890625000000001 0.46875 0.3890625000000001 0.6 0.4328125 0.6
7 0.3234375000000001 0.459375 0.2953125000000001 0.459375 0.2953125000000001 0.6328125 0.3234375000000001 0.6328125
5 0.2375000000000001 0.4578125 0.19218750000000004 0.4578125 0.19218750000000007 0.628125 0.2375000000000001 0.628125
3 0.8375 0.3578125000000001 0.775 0.3578125000000001 0.775 0.4656250000000002 0.8375 0.4656250000000002
2 0.73125 0.37187500000000007 0.665625 0.37187500000000007 0.665625 0.4562500000000001 0.73125 0.45625000000000016
3 0.6390625 0.3843750000000001 0.5703125 0.3843750000000001 0.5703125 0.459375 0.6390625 0.459375
1 0.54375 0.37968750000000007 0.471875 0.37968750000000007 0.471875 0.4609375 0.54375 0.4609375
1 0.4453125 0.39531250000000007 0.3859375000000001 0.39531250000000007 0.3859375000000001 0.4671875 0.4453125 0.4671875
2 0.31718750000000007 0.3671875 0.26250000000000007 0.3671875 0.26250000000000007 0.4640625 0.31718750000000007 0.4640625
1 0.2250000000000001 0.3765625 0.13750000000000004 0.3765625 0.13750000000000004 0.4703125 0.2250000000000001 0.4703125