4 0.8625 0.3609375000000001 0.8015625 0.3609375000000001 0.8015625 0.5359375000000002 0.8625 0.5359375000000002
5 0.7644146576650177 0.3897839446639709 0.7350335327710084 0.3760411605402461 0.6495961485434905 0.5587003971262753 0.6789772734374999 0.57244318125
4 0.6659882631278975 0.4017231740072814 0.6421548976267301 0.39239707471114127 0.5767045453125 0.5596590906250001 0.6005379108136675 0.5689851899211403
4 0.5826977950959598 0.3880778619638309 0.5625 0.37926136406250005 0.48258524662648544 0.5623387981918452 0.5027830417224453 0.5711552960931761
4 0.4840256282317159 0.3885179516188145 0.45967229072161936 0.3761383384756714 0.37195348123990346 0.5486999321693569 0.39630681875 0.5610795453125
4 0.3908649401455228 0.4023019500835444 0.36647727343750003 0.3920454546875001 0.299805307135889 0.5505765737634484 0.32419297384391177 0.5608330691594927
4 0.3119496686490498 0.3910574924969059 0.28267045468749996 0.372159090625 0.17256902606289293 0.5427387675745343 0.20184824002444285 0.5616371694464404
5 0.19624755676178982 0.3931165110927265 0.17306500393540641 0.37819904230013435 0.06772653779861662 0.5419007124574079 0.09090909062500004 0.5568181812499999
7 0.048505892293970905 0.45149471064244606 0.021091672673247408 0.44978132207321153 0.012463931941776567 0.5878251864307654 0.03987815156250006 0.589538575
0 0.8328125 0.5203125000000002 0.7921875 0.5203125000000002 0.7921875 0.5890625000000002 0.8328125 0.5890625000000002
3 0.06718750000000004 0.3640625 0.010937500000000044 0.3640625 0.01093750000000005 0.4453125 0.06718750000000004 0.4453125