4 0.8921875 0.47187500000000016 0.8359375 0.47187500000000016 0.8359375 0.6515625000000002 0.8921875 0.6515625000000002
4 0.7453125 0.4953125000000001 0.6890625 0.4953125 0.6890625 0.6421875000000001 0.7453125 0.6421875000000001
4 0.6328125 0.4828125 0.5921875 0.4828125 0.5921875 0.66875 0.6328125 0.66875
7 0.51875 0.5015625 0.478125 0.5015625 0.478125 0.6640625 0.51875 0.6640625
7 0.3984375000000001 0.5296875 0.34843750000000007 0.5296875 0.34843750000000007 0.684375 0.3984375000000001 0.684375
7 0.2515625000000001 0.4953125 0.2171875000000001 0.4953125 0.2171875000000001 0.68125 0.2515625000000001 0.68125
4 0.14375000000000007 0.5078125 0.10937500000000004 0.5078125 0.10937500000000007 0.6609375 0.1437500000000001 0.6609375
0 0.90625 0.3984375000000001 0.828125 0.3984375000000001 0.828125 0.47656250000000017 0.90625 0.47656250000000017
1 0.790625 0.4171875000000001 0.6875 0.4171875 0.6875 0.5015625000000001 0.790625 0.5015625000000001
0 0.63125 0.3609375000000001 0.5546875 0.3609375000000001 0.5546875 0.5015625 0.63125 0.5015625
3 0.53125 0.4125 0.453125 0.4125 0.453125 0.5125 0.53125 0.5125
3 0.415625 0.453125 0.34062500000000007 0.453125 0.34062500000000007 0.534375 0.415625 0.534375
2 0.2687500000000001 0.396875 0.19375000000000003 0.396875 0.19375000000000003 0.490625 0.2687500000000001 0.490625
1 0.16250000000000003 0.4421875 0.05468750000000004 0.4421875 0.054687500000000056 0.5171875 0.16250000000000003 0.5171875