5 0.834375 0.46875000000000017 0.778125 0.46875000000000017 0.778125 0.6375000000000002 0.834375 0.6375000000000002
7 0.6859375 0.4875 0.6359375 0.4875 0.6359375 0.63125 0.6859375 0.63125
5 0.5828125 0.5046875 0.5234375 0.5046875 0.5234375 0.6171875 0.5828125 0.6171875
4 0.5 0.4578125 0.4375 0.4578125 0.4375 0.6265625 0.5 0.6265625
5 0.403125 0.446875 0.32500000000000007 0.446875 0.32500000000000007 0.646875 0.403125 0.646875
5 0.3187500000000001 0.4375 0.2578125000000001 0.4375 0.2578125000000001 0.6265625 0.3187500000000001 0.6265625
4 0.19843750000000007 0.475 0.13437500000000005 0.475 0.13437500000000008 0.628125 0.1984375000000001 0.628125
0 0.8199351921875 0.6469116218750001 0.7838394522524955 0.6293655102181994 0.7618168569399956 0.6746702414681993 0.797912596875 0.692216353125
1 0.6732946574259147 0.676134522019592 0.6719185918009146 0.629126353269592 0.6136641062500001 0.63083163125 0.6150401718750002 0.6778398
2 0.5687394739046947 0.6236105042891803 0.5049382984375 0.5985773265625001 0.4905534057828055 0.6352395941483199 0.55435458125 0.6602727718750001
3 0.4993009852698229 0.6451197880180066 0.47207052760870016 0.6194284929367336 0.43077180640137713 0.663201415856227 0.4580022640625 0.6888927109375
1 0.4216258313448177 0.7019196709696116 0.37423283972245075 0.6415915441846206 0.34043745625 0.6681407578125003 0.38783044787236687 0.7284688845974913
3 0.31220592187500007 0.6388327859375 0.28634221486991485 0.6170591868907932 0.23639326174491485 0.6763909072032932 0.2622569687500001 0.6981645062500001
2 0.19281303281250012 0.63975925 0.11741811097438892 0.6155734864626037 0.10529133597438892 0.6533766036501036 0.18068625781250008 0.6775623671875