4 0.65 0.10781250000000006 0.471875 0.10781250000000005 0.471875 0.16406250000000006 0.65 0.16406250000000008
4 0.6421875 0.25468750000000007 0.4953125 0.25468750000000007 0.4953125 0.3125000000000001 0.6421875 0.3125000000000001
4 0.66875 0.3671875000000001 0.4828125 0.3671875000000001 0.4828125 0.4078125 0.66875 0.4078125
7 0.6640625 0.4828125 0.5015625 0.4828125 0.5015625 0.521875 0.6640625 0.521875
7 0.684375 0.6015625 0.5296875 0.6015625 0.5296875 0.653125 0.684375 0.653125
7 0.6812500000000001 0.7484375 0.49531250000000016 0.7484375 0.49531250000000016 0.784375 0.6812500000000001 0.784375
4 0.6609375000000002 0.85625 0.5078125000000002 0.85625 0.5078125000000002 0.890625 0.6609375000000002 0.890625
0 0.475 0.09375000000000006 0.3984375 0.09375000000000004 0.3984375 0.17187500000000006 0.475 0.17187500000000006
1 0.5015625 0.21093750000000008 0.4171875 0.21093750000000008 0.4171875 0.3140625000000001 0.5015625 0.3140625000000001
0 0.5015625 0.37031250000000004 0.3609375000000001 0.3703125 0.3609375000000001 0.446875 0.5015625 0.446875
3 0.5125 0.46875 0.4125 0.46875 0.4125 0.546875 0.5125 0.546875
3 0.534375 0.5859375 0.453125 0.5859375 0.453125 0.6609375 0.534375 0.6609375
2 0.4890625000000002 0.73125 0.3968750000000001 0.73125 0.3968750000000001 0.80625 0.4890625000000002 0.80625
1 0.5156250000000002 0.8390625 0.4421875000000002 0.8390625 0.4421875000000002 0.946875 0.5156250000000002 0.946875