5 0.5477044507404043 0.23571864367224515 0.42897727343750003 0.14630681875000004 0.41274662531294204 0.16785899084022665 0.5314738026158464 0.2572708157624718
4 0.5182772546875001 0.08682528437500006 0.40464089062499997 0.08682528437500006 0.40464089062499997 0.11239346562500005 0.5182772546875001 0.11239346562500005
4 0.5464226517657265 0.31581420586219233 0.4145564596538656 0.251346289861878 0.40340909062500013 0.2741477265625001 0.535275282736861 0.33861564256281446
5 0.5653409093749999 0.4105113640625001 0.4124975056536768 0.34791835161319773 0.40119631924699195 0.3755142721304585 0.5540397229683152 0.43810728457976095
5 0.585182145777113 0.5183040668669219 0.44460227343750003 0.4289772734375001 0.4278915927318175 0.4552760497634297 0.5684714650714305 0.5446028431928516
5 0.5710227265625001 0.6051136359375 0.43473838304956114 0.5106438076858284 0.42045454531250004 0.5312500000000002 0.556738888825439 0.6257198282516716
7 0.5710227265625002 0.6889204546875002 0.39866663998932905 0.6319553064090522 0.39204545468749996 0.6519886359375001 0.5644015412606711 0.7089537842159481
5 0.558849238739849 0.7858005969701163 0.39465819030825683 0.7080258894847727 0.38268395156840784 0.7333048378271563 0.546875 0.8110795453125
5 0.5752840906250002 0.8892045453125001 0.3917231499784726 0.787723699943558 0.38352272656250014 0.8025568187500001 0.5670836672090278 0.9040376641189425
4 0.5938387781250002 0.8633866749999999 0.4233842328125002 0.8633866749999999 0.4233842328125002 0.8875344015625 0.5938387781250002 0.8875344015625
2 0.5722102607759336 0.1198262823921477 0.541200590558758 0.070647186959595 0.5003337752048965 0.09641558419836604 0.531343445422072 0.14559467963091874
3 0.43481144354695267 0.8718718195178587 0.38166505816789725 0.8570396841220124 0.3590262243892226 0.938158966843148 0.41217260976827796 0.9529911022389944