4 0.5359375 0.13750000000000004 0.3609375 0.13750000000000004 0.3609375 0.19843750000000004 0.5359375 0.19843750000000004
5 0.5724431812499999 0.32102272656250014 0.3897839446639708 0.23558534233498224 0.37604116054024594 0.26496646722899175 0.5587003971262752 0.35040385145650965
4 0.5689851899211401 0.39946208918633264 0.40172317400728125 0.3340117368721026 0.39239707471114116 0.35784510237326994 0.5596590906250001 0.42329545468749996
4 0.571155296093176 0.49721695827755485 0.3880778619638309 0.41730220490404035 0.3792613640625001 0.4375000000000001 0.5623387981918452 0.5174147533735146
4 0.5610795453125001 0.6036931812500003 0.3885179516188145 0.5159743717682843 0.3761383384756714 0.540327709278381 0.548699932169357 0.6280465187600968
4 0.5608330691594927 0.6758070261560885 0.4023019500835444 0.6091350598544775 0.3920454546875001 0.6335227265625001 0.5505765737634485 0.7001946928641111
4 0.5616371694464405 0.7981517599755575 0.391057492496906 0.6880503313509503 0.37215909062500013 0.7173295453125001 0.5427387675745347 0.8274309739371073
5 0.5568181812500002 0.9090909093750001 0.3931165110927265 0.8037524432382102 0.37819904230013435 0.8269349960645936 0.541900712457408 0.9322734622013836
7 0.5895385750000003 0.9601218484375 0.4514947106424462 0.9514941077060293 0.4497813220732116 0.9789083273267529 0.5878251864307658 0.9875360680582237
0 0.5890625 0.16875000000000007 0.5203125 0.16875000000000004 0.5203125 0.2093750000000001 0.5890625 0.2093750000000001
3 0.44531250000000017 0.9328125 0.36406250000000007 0.9328125 0.36406250000000007 0.9890625 0.44531250000000017 0.9890625