4 0.434375 0.0015625000000000476 0.3421875 0.0015625000000000417 0.3421875 0.03750000000000005 0.434375 0.037500000000000054
5 0.4671875 0.06718750000000004 0.25 0.06718750000000002 0.25 0.12500000000000006 0.4671875 0.12500000000000006
5 0.4796875 0.21250000000000005 0.2921875 0.2125 0.2921875 0.25312500000000004 0.4796875 0.2531250000000001
5 0.4640625 0.35781250000000003 0.2796875 0.3578125 0.27968750000000003 0.403125 0.4640625 0.403125
5 0.4859375 0.49375 0.29375000000000007 0.49375 0.29375000000000007 0.53125 0.4859375 0.53125
5 0.4859375 0.621875 0.32500000000000007 0.621875 0.32500000000000007 0.665625 0.4859375 0.665625
5 0.5031250000000002 0.7265625 0.3421875000000001 0.7265625 0.3421875000000001 0.759375 0.5031250000000002 0.759375
1 0.51875 0.06875000000000006 0.475 0.06875000000000006 0.475 0.12187500000000004 0.51875 0.12187500000000004
2 0.5328125 0.2062500000000001 0.48125 0.2062500000000001 0.48125 0.2906250000000001 0.5328125 0.2906250000000001
0 0.521875 0.3546875000000001 0.478125 0.3546875000000001 0.478125 0.409375 0.521875 0.409375
2 0.5375 0.4828125 0.496875 0.4828125 0.496875 0.5359375 0.5375 0.5359375
0 0.5375 0.625 0.4921875 0.625 0.4921875 0.6640625 0.5375 0.6640625
2 0.5531250000000002 0.7265625 0.5125000000000002 0.7265625 0.5125000000000002 0.7859375 0.5531250000000002 0.7859375
0 0.478125 0.0015625000000000558 0.4390625 0.0015625000000000534 0.4390625 0.037500000000000054 0.478125 0.037500000000000054