4 0.9828125 0.4312500000000002 0.9578125 0.4312500000000002 0.9578125 0.5843750000000002 0.9828125 0.5843750000000002
4 0.890625 0.4234375000000002 0.85 0.4234375000000002 0.85 0.5734375000000002 0.890625 0.5734375000000002
5 0.78125 0.4515625000000002 0.7484375 0.4515625000000002 0.7484375 0.5921875000000002 0.78125 0.5921875000000002
7 0.7 0.4703125 0.671875 0.4703125 0.671875 0.609375 0.7 0.609375
4 0.60625 0.4734375 0.571875 0.4734375 0.571875 0.5859375 0.60625 0.5859375
4 0.50625 0.496875 0.475 0.496875 0.475 0.596875 0.50625 0.596875
4 0.4296875 0.5 0.3984375000000001 0.5 0.3984375000000001 0.6125 0.4296875 0.6125
4 0.3109375000000001 0.4890625 0.27031250000000007 0.4890625 0.27031250000000007 0.628125 0.3109375000000001 0.628125
1 0.996875 0.3843750000000001 0.946875 0.3843750000000001 0.946875 0.4312500000000002 0.996875 0.4312500000000002
2 0.8921875 0.3859375000000001 0.8296875 0.3859375000000001 0.8296875 0.43281250000000016 0.8921875 0.43281250000000016
3 0.7921875 0.40625000000000017 0.7296875 0.40625000000000017 0.7296875 0.4468750000000002 0.7921875 0.4468750000000002
3 0.70625 0.4359375 0.653125 0.4359375 0.653125 0.471875 0.70625 0.471875
3 0.6140625 0.4453125 0.5640625 0.4453125 0.5640625 0.4765625 0.6140625 0.4765625
3 0.5046875 0.440625 0.46875 0.440625 0.46875 0.5046875 0.5046875 0.5046875
0 0.434375 0.4625 0.38750000000000007 0.4625 0.38750000000000007 0.50625 0.434375 0.50625
0 0.3078125000000001 0.453125 0.2687500000000001 0.453125 0.2687500000000001 0.49375 0.3078125000000001 0.49375