4 0.6859375 0.5328125 0.653125 0.5328125 0.653125 0.6390625 0.6859375 0.6390625
3 0.5640625 0.51875 0.5140625 0.51875 0.5140625 0.5609375 0.5640625 0.5609375
0 0.61875 0.5125 0.578125 0.5125 0.578125 0.5453125 0.61875 0.5453125
4 0.6203125 0.5453125 0.5828125 0.5453125 0.5828125 0.6296875 0.6203125 0.6296875
4 0.5421875 0.5578125 0.5140625 0.5578125 0.5140625 0.6578125 0.5421875 0.6578125
4 0.415625 0.5328125 0.3781250000000001 0.5328125 0.3781250000000001 0.6390625 0.415625 0.6390625
5 0.4828125 0.540625 0.4546875 0.540625 0.4546875 0.6375 0.4828125 0.6375
7 0.21875000000000008 0.5265625 0.18906250000000005 0.5265625 0.18906250000000008 0.6453125 0.21875000000000008 0.6453125
7 0.27031250000000007 0.528125 0.2484375000000001 0.528125 0.2484375000000001 0.6234375 0.27031250000000007 0.6234375
7 0.2890625000000001 0.525 0.27031250000000007 0.525 0.27031250000000007 0.615625 0.2890625000000001 0.615625
4 0.3437500000000001 0.53125 0.3156250000000001 0.53125 0.3156250000000001 0.646875 0.3437500000000001 0.646875
7 0.14531250000000007 0.515625 0.11093750000000005 0.515625 0.11093750000000006 0.65 0.1453125000000001 0.65
2 0.690625 0.490625 0.6421875 0.490625 0.6421875 0.5296875 0.690625 0.5296875
3 0.4140625 0.4984375 0.3703125000000001 0.4984375 0.3703125000000001 0.5375 0.4140625 0.5375
2 0.4703125 0.5109375 0.4296875 0.5109375 0.4296875 0.5421875 0.4703125 0.5421875
2 0.2843750000000001 0.4859375 0.2390625000000001 0.4859375 0.2390625000000001 0.53125 0.2843750000000001 0.53125
3 0.3421875000000001 0.4984375 0.3046875000000001 0.4984375 0.3046875000000001 0.5390625 0.3421875000000001 0.5390625
0 0.21875000000000008 0.478125 0.19062500000000004 0.478125 0.19062500000000004 0.525 0.21875000000000008 0.525
3 0.15312500000000004 0.4828125 0.11250000000000004 0.4828125 0.11250000000000004 0.5125 0.15312500000000004 0.5125