5 0.40625 0.16193181875000007 0.23225568128671154 0.07108522718869238 0.2144886359375 0.10511363593750007 0.3884829546507885 0.19596022749880776
4 0.4054787375 0.0806385390625 0.27201889072973423 -0.0047757638100274225 0.25914612193489817 0.015337937210653196 0.392605968705164 0.10075224008318062
5 0.39857736280080125 0.27479830514848985 0.25737099250240797 0.16673220682122328 0.2414772734375 0.18750000000000006 0.3826836437358933 0.29556609832726666
5 0.4133314556505522 0.39871600776265037 0.25320762712820366 0.2856010095284088 0.237215909375 0.30823863593749995 0.39733973789734855 0.42135363417174165
5 0.4105646908880636 0.5196294210841639 0.27364111416738435 0.4115318615999751 0.25426136406250005 0.4360795453125001 0.3911849407831792 0.5441771047966888
5 0.4204545453125001 0.6207386359375 0.2607156138117828 0.5255096576078242 0.24289772656250008 0.5553977265625 0.40263665806321736 0.6506267048921759
5 0.44886363593749995 0.7187500000000002 0.29119318125000004 0.6392045453125001 0.2757441643473043 0.669826703788963 0.43341461903480416 0.749372158476463
5 0.48637251406250004 0.8553577765625002 0.48326712841949043 0.8310322560243619 0.3372247875 0.849675959375 0.3403301731430096 0.8740014799131381
4 0.4793106052728941 0.8339318228752102 0.477823871665133 0.8094007163028939 0.3290075398297389 0.8184198871776838 0.3304942734375 0.84295099375
1 0.30101429375 3.7470027081099036e-17 0.20951204057147504 -0.001342195730762634 0.2091108050656795 0.026011454704897387 0.3006130582442045 0.027353650435660053
3 0.33997136875 0.8769586734375 0.3396939359375 0.8400157578124998 0.29959412198417257 0.8403168982064722 0.29987155479667255 0.8772598138314723
2 0.33857310937500007 0.8211780890625002 0.2914219080306815 0.8204021316836302 0.2908781392806815 0.85344434574613 0.33802934062500006 0.8542203031250001