7 0.63125 0.15000000000000008 0.515625 0.15000000000000005 0.515625 0.2140625000000001 0.63125 0.2140625000000001
7 0.615625 0.2796875000000001 0.525 0.2796875000000001 0.525 0.3265625000000001 0.615625 0.3265625000000001
4 0.653125 0.4171875 0.5453125 0.4171875 0.5453125 0.48125 0.653125 0.48125
7 0.6609375 0.55625 0.5453125 0.55625 0.5453125 0.6125 0.6609375 0.6125
4 0.65 0.66875 0.54375 0.66875 0.54375 0.721875 0.65 0.721875
4 0.6421875000000001 0.7859375 0.5312500000000002 0.7859375 0.5312500000000002 0.8234375 0.6421875000000001 0.8234375
4 0.6359375000000002 0.8921875 0.5359375000000002 0.8921875 0.5359375000000002 0.925 0.6359375000000002 0.925
0 0.5140625 0.15937500000000004 0.475 0.15937500000000004 0.475 0.2093750000000001 0.5140625 0.2093750000000001
2 0.5234375 0.2765625000000001 0.4828125 0.2765625000000001 0.4828125 0.3218750000000001 0.5234375 0.3218750000000001
3 0.540625 0.4203125 0.4921875 0.4203125 0.4921875 0.4671875 0.540625 0.4671875
3 0.5453125 0.559375 0.50625 0.559375 0.50625 0.603125 0.5453125 0.603125
3 0.5390625 0.653125 0.4859375 0.653125 0.4859375 0.71875 0.5390625 0.71875
0 0.5265625000000002 0.7796875 0.4906250000000002 0.7796875 0.4906250000000002 0.8234375 0.5265625000000002 0.8234375
2 0.5406250000000001 0.8765625 0.4890625000000002 0.8765625 0.4890625000000002 0.9359375 0.5406250000000001 0.9359375