4 0.5390625 0.12500000000000006 0.4171875 0.12500000000000006 0.4171875 0.15468750000000003 0.5390625 0.15468750000000003
7 0.5265625 0.3234375000000001 0.421875 0.3234375000000001 0.421875 0.3750000000000001 0.5265625 0.3750000000000001
7 0.5203125 0.25468750000000007 0.43125 0.25468750000000007 0.43125 0.2968750000000001 0.5203125 0.2968750000000001
7 0.5125 0.19687500000000005 0.428125 0.19687500000000005 0.428125 0.2328125000000001 0.5125 0.2328125000000001
7 0.5234375 0.5140625 0.41875 0.5140625 0.41875 0.5609375 0.5234375 0.5609375
4 0.5328125 0.4578125 0.4203125 0.4578125 0.4203125 0.496875 0.5328125 0.496875
7 0.509375 0.4015625 0.4078125 0.4015625 0.4078125 0.446875 0.509375 0.446875
7 0.5359375 0.5796875 0.434375 0.5796875 0.434375 0.6375 0.5359375 0.6375
7 0.6734375000000001 0.7875 0.5484375000000001 0.7875 0.5484375000000001 0.8484375 0.6734375000000001 0.8484375
4 0.6640625000000001 0.71875 0.54375 0.71875 0.5437500000000001 0.7765625 0.6640625000000002 0.7765625
4 0.6328125 0.653125 0.5328125 0.653125 0.5328125 0.703125 0.6328125 0.703125
4 0.6718750000000002 0.875 0.5406250000000001 0.875 0.5406250000000001 0.93125 0.6718750000000002 0.93125
7 0.5265625000000002 0.9546875 0.4281250000000002 0.9546875 0.4281250000000002 1 0.5265625000000002 1
0 0.5796875 0.12031250000000009 0.5484375 0.12031250000000009 0.5484375 0.15781250000000008 0.5796875 0.15781250000000008
3 0.54375 0.2562500000000001 0.5109375 0.2562500000000001 0.5109375 0.2890625000000001 0.54375 0.2890625000000001
0 0.5625 0.19062500000000007 0.51875 0.19062500000000004 0.51875 0.2375000000000001 0.5625 0.2375000000000001
1 0.55 0.3156250000000001 0.521875 0.3156250000000001 0.521875 0.3609375000000001 0.55 0.3609375000000001
3 0.55625 0.39531250000000007 0.51875 0.39531250000000007 0.51875 0.4390625 0.55625 0.4390625
2 0.575 0.45625 0.5390625 0.45625 0.5390625 0.496875 0.575 0.496875
3 0.5515625 0.525 0.5234375 0.525 0.5234375 0.559375 0.5515625 0.559375
0 0.559375 0.5890625 0.5296875 0.5890625 0.5296875 0.625 0.559375 0.625
2 0.53125 0.6625 0.4875 0.6625 0.4875 0.703125 0.53125 0.703125
3 0.5437500000000002 0.790625 0.5062500000000002 0.790625 0.5062500000000002 0.8453125 0.5437500000000002 0.8453125
1 0.5421875000000002 0.734375 0.5046875000000002 0.734375 0.5046875000000002 0.7671875 0.5421875000000002 0.7671875
2 0.5500000000000002 0.878125 0.5125000000000002 0.878125 0.5125000000000002 0.9203125 0.5500000000000002 0.9203125
0 0.5578125000000002 0.9640625 0.5218750000000002 0.9640625 0.5218750000000002 0.9953125 0.5578125000000002 0.9953125