4 0.6015625 0.010937500000000069 0.509375 0.010937500000000062 0.509375 0.050000000000000065 0.6015625 0.050000000000000065
4 0.6349431812499999 0.09090909062500008 0.6242576941704534 0.06853635213254936 0.4339167863579535 0.15944544275754927 0.44460227343750003 0.18181818125
4 0.6477272734374999 0.18465909062500013 0.6402230350388329 0.16789962498262517 0.4445311057201889 0.2555228775157592 0.45203534411885593 0.27228234315813415
5 0.6348247600330092 0.28623422041089486 0.6264204546875 0.25852272656249997 0.4373553587268074 0.31586213977943534 0.44575966407231676 0.34357363362783017
5 0.6349431812499999 0.37784090937500003 0.6295324699538696 0.35134708130234643 0.4278279246413697 0.3925402625523464 0.43323863593749995 0.419034090625
5 0.6345342878947655 0.46558394590963825 0.6264204546875001 0.44034090937500003 0.4258555574128793 0.5048081980661043 0.4339693906201448 0.5300512346007425
4 0.6402632443369292 0.5506233994792162 0.6278409093749999 0.5255681812499999 0.4463127434491444 0.6155695399101347 0.4587350784110735 0.6406247581393509
7 0.6434659093749999 0.6392045453125001 0.6312606956948498 0.612224599270298 0.4462473261032214 0.695921123570911 0.45845253978337136 0.7229010696131131
4 0.5973056810019667 0.7874270283760668 0.5938770029041306 0.7597959157329239 0.395619173464664 0.7843972514193572 0.3990478515625 0.8120283640625001
2 0.6434015904218642 0.7970250206858117 0.6261887295967707 0.7102322262811238 0.5900980407374063 0.7173897790328121 0.6073109015624999 0.8041825734374999
3 0.50251934776775 0.0009823803462666904 0.4261363640625001 5.204170427930421e-17 0.42555904441975023 0.044888313403733435 0.5019420281250001 0.045870693750000066