5 0.9289147728113075 0.23225568128671165 0.8948863640625 0.21448863593750006 0.8040397725011923 0.3884829546507885 0.8380681812499999 0.4062500000000001
4 1.0047757638100276 0.27201889072973434 0.9846620627893469 0.2591461219348982 0.8992477599168194 0.39260596870516407 0.9193614609375 0.4054787375000002
5 0.8332677931787768 0.257370992502408 0.8125 0.24147727343750014 0.7044339016727335 0.38268364373589336 0.7252016948515102 0.39857736280080125
5 0.7143989904715913 0.25320762712820366 0.6917613640625 0.23721590937499998 0.5786463658282583 0.3973397378973486 0.6012839922373495 0.4133314556505523
5 0.5884681384000251 0.2736411141673845 0.5639204546875 0.25426136406250005 0.45582289520331115 0.3911849407831793 0.48037057891583623 0.41056469088806374
5 0.4744903423921759 0.2607156138117828 0.44460227343750003 0.24289772656250003 0.34937329510782417 0.4026366580632173 0.37926136406250005 0.4204545453125001
5 0.3607954546874999 0.29119318125000004 0.3301732962110372 0.2757441643473043 0.25062784152353723 0.43341461903480416 0.2812499999999999 0.44886363593750006
5 0.16771880775127662 0.48363074162150427 0.150324040625 0.33722478749999996 0.1260825325918394 0.34010496672192314 0.14347729971811604 0.4865109208434274
4 0.18403764218750002 0.47822154687499996 0.18244624029496456 0.33022118487354146 0.15704900625 0.3304942734375 0.15864040814253544 0.4784946354389585
1 1.0000000000000002 0.30101429375 0.9986572265625002 0.20947265625000006 0.9724890116875423 0.20985650325995642 0.9738317851250423 0.30139814075995636
3 0.1599842421875 0.3396939359375 0.1596831017935277 0.29959412198417257 0.1227401861685277 0.29987155479667255 0.12304132656249997 0.33997136875
2 0.1788219109375 0.338573109375 0.17143110781249998 0.291287509375 0.13925983337978345 0.2963159230064767 0.14665063650478344 0.34360152300647673