5 0.85369318125 0.4289772734375001 0.8321410091597734 0.41274662531294215 0.7427291842375282 0.5314738026158465 0.7642813563277548 0.5477044507404045
4 0.9131747156250001 0.5182772546875001 0.9074928984374999 0.40464089062499997 0.8819884782152609 0.4059161114081662 0.8876702954027611 0.5195524754706662
4 0.7486537101381222 0.41455645965386567 0.7258522734374999 0.403409090625 0.6613843574371856 0.5352752827368609 0.6841857941378079 0.5464226517657265
5 0.6520816483868024 0.4124975056536768 0.6244857278695415 0.40119631924699195 0.5618927154202391 0.5540397229683152 0.5894886359375 0.565340909375
5 0.5710227265625001 0.4446022734375001 0.5440340906250001 0.4289772734375001 0.4611437892642387 0.5721514280727158 0.4881324252017388 0.5877764280727158
5 0.4893561923141716 0.43473838304956114 0.4687499999999999 0.4204545453125001 0.3742801717483283 0.556738888825439 0.3948863640625 0.5710227265625001
7 0.36804469359094794 0.39866663998932905 0.34801136406249994 0.39204545468749996 0.29104621578405193 0.564401541260671 0.3110795453124999 0.5710227265625001
5 0.29197411051522737 0.394658190308257 0.26669516217284367 0.38268395156840784 0.18892045468750007 0.546875 0.21419940302988377 0.5588492387398492
5 0.21227630005644232 0.3917231499784726 0.19744318125000004 0.3835227265625001 0.09596233588105778 0.5670836672090276 0.11079545468750007 0.5752840906250001
4 0.13661332500000006 0.42338423281250004 0.11246559843750006 0.42338423281250004 0.11246559843750008 0.5938387781250001 0.1366133250000001 0.5938387781250001
2 0.9289436200171112 0.5397663183934287 0.8921803258931813 0.5022808099416303 0.8524709357285122 0.5412251393745043 0.889234229852442 0.5787106478263027
3 0.14253153615567077 0.38128792767980146 0.05873801562500003 0.37014493125000003 0.05158124349256697 0.42396269350006355 0.13537476402323773 0.43510568992986504