1756839434428 2.8587 0
1756839446100 2.52147 1
1756839457782 2.05486 2
1756839469256 1.90553 3
1756839480765 1.75613 4
1756839492327 1.76497 5
1756839503908 1.74003 6
1756839515577 1.74415 7
1756839527126 1.63873 8
1756839538838 1.67764 9
1756839550453 1.6342 10
1756839562154 1.63881 11
1756839573737 1.58962 12
1756839585354 1.62369 13
1756839596951 1.45715 14
1756839608491 1.52089 15
1756839620066 1.5626 16
1756839631591 1.49334 17
1756839643072 1.47478 18
1756839654763 1.51605 19
1756839666321 1.42924 20
1756839677956 1.47367 21
1756839689566 1.43505 22
1756839701128 1.5412 23
1756839712692 1.50222 24
1756839724337 1.50081 25
1756839735935 1.39869 26
1756839747536 1.43325 27
1756839759061 1.46103 28
1756839770647 1.38706 29
1756839782257 1.44208 30
1756839793978 1.45593 31
1756839805709 1.45262 32
1756839817378 1.31211 33
1756839828894 1.39372 34
1756839840504 1.37835 35
1756839852561 1.38975 36
1756839864308 1.41907 37
1756839875935 1.37826 38
1756839887483 1.29045 39
1756839899231 1.4035 40
1756839911082 1.42971 41
1756839923312 1.42315 42
1756839935013 1.39984 43
1756839946667 1.42984 44
1756839958394 1.34332 45
1756839970016 1.42793 46
1756839981704 1.28161 47
1756839993429 1.23895 48
1756840005154 1.32448 49
1756840016859 1.31813 50
1756840028459 1.38539 51
1756840040071 1.29491 52
1756840051786 1.23944 53
1756840063411 1.28097 54
1756840074977 1.32891 55
1756840086579 1.22318 56
1756840098406 1.23626 57
1756840110611 1.26161 58
1756840122564 1.19642 59
1756840134504 1.17919 60
1756840146349 1.2006 61
1756840158232 1.16079 62
1756840169931 1.24306 63
1756840181611 1.11461 64
1756840193602 1.09594 65
1756840205438 1.22094 66
1756840217165 1.21693 67
1756840228841 1.22829 68
1756840240488 1.30366 69
1756840252301 1.10775 70
1756840264075 1.08421 71
1756840275833 1.13467 72
1756840287650 1.18185 73
1756840299394 1.08601 74
1756840311063 1.05297 75
1756840322756 1.14708 76
1756840334434 1.19547 77
1756840346124 1.11756 78
1756840357724 1.10052 79
1756840369352 1.11937 80
1756840381042 1.15619 81
1756840392770 1.15225 82
1756840404653 1.11886 83
1756840416321 1.12542 84
1756840427989 1.07834 85
1756840439653 1.09749 86
1756840451446 1.05156 87
1756840463142 1.05263 88
1756840474854 1.05215 89
1756840486358 1.0008 90
1756840498202 1.00398 91
1756840509626 1.01269 92
1756840521172 0.97464 93
1756840532728 0.9592 94
1756840544270 0.95596 95
1756840556277 0.94829 96
1756840568176 0.98225 97
1756840579910 0.94904 98
1756840591524 0.95862 99
