1756839434428 4.37686 0
1756839446100 4.12146 1
1756839457782 3.8433 2
1756839469256 3.5457 3
1756839480765 2.9858 4
1756839492327 2.53077 5
1756839503908 2.44856 6
1756839515577 2.29005 7
1756839527126 2.1393 8
1756839538838 2.13743 9
1756839550453 2.02484 10
1756839562154 2.09342 11
1756839573737 2.0323 12
1756839585354 2.03531 13
1756839596951 1.96075 14
1756839608491 1.93403 15
1756839620066 1.91048 16
1756839631591 1.93092 17
1756839643072 1.78886 18
1756839654763 1.79813 19
1756839666321 1.78893 20
1756839677956 1.78298 21
1756839689566 1.74748 22
1756839701128 1.78056 23
1756839712692 1.74182 24
1756839724337 1.74373 25
1756839735935 1.73509 26
1756839747536 1.66631 27
1756839759061 1.80344 28
1756839770647 1.75421 29
1756839782257 1.71193 30
1756839793978 1.72496 31
1756839805709 1.67618 32
1756839817378 1.59829 33
1756839828894 1.66952 34
1756839840504 1.7313 35
1756839852561 1.61172 36
1756839864308 1.64549 37
1756839875935 1.72257 38
1756839887483 1.57754 39
1756839899231 1.61745 40
1756839911082 1.72732 41
1756839923312 1.65127 42
1756839935013 1.56148 43
1756839946667 1.57259 44
1756839958394 1.55987 45
1756839970016 1.5814 46
1756839981704 1.59083 47
1756839993429 1.53694 48
1756840005154 1.58365 49
1756840016859 1.48402 50
1756840028459 1.53938 51
1756840040071 1.53586 52
1756840051786 1.44896 53
1756840063411 1.50883 54
1756840074977 1.51766 55
1756840086579 1.46772 56
1756840098406 1.44975 57
1756840110611 1.46788 58
1756840122564 1.37512 59
1756840134504 1.39927 60
1756840146349 1.39489 61
1756840158232 1.39851 62
1756840169931 1.38874 63
1756840181611 1.37952 64
1756840193602 1.29014 65
1756840205438 1.36931 66
1756840217165 1.39995 67
1756840228841 1.36906 68
1756840240488 1.40577 69
1756840252301 1.25978 70
1756840264075 1.27981 71
1756840275833 1.31298 72
1756840287650 1.36363 73
1756840299394 1.2517 74
1756840311063 1.26593 75
1756840322756 1.25582 76
1756840334434 1.28563 77
1756840346124 1.21424 78
1756840357724 1.24517 79
1756840369352 1.34218 80
1756840381042 1.22024 81
1756840392770 1.24973 82
1756840404653 1.20112 83
1756840416321 1.26606 84
1756840427989 1.25544 85
1756840439653 1.17861 86
1756840451446 1.1519 87
1756840463142 1.17446 88
1756840474854 1.13409 89
1756840486358 1.16521 90
1756840498202 1.16959 91
1756840509626 1.18169 92
1756840521172 1.09487 93
1756840532728 1.08751 94
1756840544270 1.12765 95
1756840556277 1.07151 96
1756840568176 1.09217 97
1756840579910 1.11045 98
1756840591524 1.07024 99
