1756839434428 2.25976 0
1756839446100 1.94543 1
1756839457782 1.63244 2
1756839469256 1.40565 3
1756839480765 1.31748 4
1756839492327 1.27798 5
1756839503908 1.22554 6
1756839515577 1.20612 7
1756839527126 1.22631 8
1756839538838 1.18266 9
1756839550453 1.17684 10
1756839562154 1.21057 11
1756839573737 1.20198 12
1756839585354 1.17774 13
1756839596951 1.10757 14
1756839608491 1.18212 15
1756839620066 1.15758 16
1756839631591 1.17707 17
1756839643072 1.11665 18
1756839654763 1.12534 19
1756839666321 1.1351 20
1756839677956 1.13442 21
1756839689566 1.12889 22
1756839701128 1.12722 23
1756839712692 1.1366 24
1756839724337 1.09955 25
1756839735935 1.10084 26
1756839747536 1.12181 27
1756839759061 1.11371 28
1756839770647 1.12852 29
1756839782257 1.08606 30
1756839793978 1.09843 31
1756839805709 1.09371 32
1756839817378 1.05016 33
1756839828894 1.08018 34
1756839840504 1.13904 35
1756839852561 1.09543 36
1756839864308 1.09594 37
1756839875935 1.10434 38
1756839887483 1.05015 39
1756839899231 1.09306 40
1756839911082 1.13266 41
1756839923312 1.11786 42
1756839935013 1.09017 43
1756839946667 1.08488 44
1756839958394 1.10554 45
1756839970016 1.1306 46
1756839981704 1.0694 47
1756839993429 1.06879 48
1756840005154 1.05215 49
1756840016859 1.04202 50
1756840028459 1.06389 51
1756840040071 1.07166 52
1756840051786 1.0497 53
1756840063411 1.06157 54
1756840074977 1.03783 55
1756840086579 1.02293 56
1756840098406 1.03229 57
1756840110611 1.05946 58
1756840122564 1.02426 59
1756840134504 1.03068 60
1756840146349 1.04049 61
1756840158232 1.02769 62
1756840169931 1.02738 63
1756840181611 1.03473 64
1756840193602 1.01301 65
1756840205438 1.00094 66
1756840217165 1.02158 67
1756840228841 1.01337 68
1756840240488 1.07038 69
1756840252301 0.98736 70
1756840264075 1.00035 71
1756840275833 1.00897 72
1756840287650 1.01551 73
1756840299394 1.00141 74
1756840311063 1.00693 75
1756840322756 0.98771 76
1756840334434 1.00835 77
1756840346124 1.00076 78
1756840357724 1.02149 79
1756840369352 1.01911 80
1756840381042 0.99761 81
1756840392770 1.00539 82
1756840404653 0.98014 83
1756840416321 1.00059 84
1756840427989 1.0053 85
1756840439653 1.00687 86
1756840451446 0.97265 87
1756840463142 0.95448 88
1756840474854 0.95848 89
1756840486358 0.97013 90
1756840498202 0.9752 91
1756840509626 0.99854 92
1756840521172 0.9363 93
1756840532728 0.96845 94
1756840544270 0.97952 95
1756840556277 0.96008 96
1756840568176 0.95164 97
1756840579910 0.98421 98
1756840591524 0.96467 99
