1756837754847 2.99442 0
1756837766850 2.69409 1
1756837778410 2.11718 2
1756837790119 1.77123 3
1756837802168 1.83442 4
1756837813923 1.7234 5
1756837825838 1.76087 6
1756837837448 1.68038 7
1756837849067 1.66686 8
1756837860956 1.77672 9
1756837872639 1.75966 10
1756837884222 1.61904 11
1756837895846 1.55793 12
1756837907731 1.64734 13
1756837919897 1.59894 14
1756837933992 1.55915 15
1756837947596 1.63781 16
1756837959267 1.49993 17
1756837970701 1.55847 18
1756837982829 1.43941 19
1756837994312 1.46577 20
1756838005915 1.45963 21
1756838017581 1.60021 22
1756838029348 1.54921 23
1756838041060 1.48929 24
1756838053042 1.4389 25
1756838065160 1.44124 26
1756838076720 1.42103 27
1756838088868 1.38335 28
1756838101089 1.42674 29
1756838112570 1.3931 30
1756838124322 1.48593 31
1756838135965 1.40469 32
1756838147580 1.33627 33
1756838159208 1.4068 34
1756838170774 1.36704 35
1756838182240 1.44092 36
1756838193723 1.31979 37
1756838205182 1.31281 38
1756838216675 1.35079 39
1756838228104 1.30307 40
1756838239717 1.30693 41
1756838251136 1.27769 42
1756838262608 1.38872 43
1756838274271 1.30955 44
1756838285976 1.29876 45
