1756837754847 4.37438 0
1756837766850 4.21371 1
1756837778410 3.93178 2
1756837790119 3.51121 3
1756837802168 3.10186 4
1756837813923 2.6147 5
1756837825838 2.51629 6
1756837837448 2.27368 7
1756837849067 2.23149 8
1756837860956 2.13994 9
1756837872639 2.08954 10
1756837884222 2.02963 11
1756837895846 1.91702 12
1756837907731 2.00384 13
1756837919897 1.86769 14
1756837933992 1.86491 15
1756837947596 1.88093 16
1756837959267 1.77501 17
1756837970701 1.88634 18
1756837982829 1.74649 19
1756837994312 1.79111 20
1756838005915 1.7632 21
1756838017581 1.91295 22
1756838029348 1.80581 23
1756838041060 1.80316 24
1756838053042 1.7981 25
1756838065160 1.72048 26
1756838076720 1.64149 27
1756838088868 1.66708 28
1756838101089 1.70159 29
1756838112570 1.64043 30
1756838124322 1.73728 31
1756838135965 1.67901 32
1756838147580 1.68262 33
1756838159208 1.63729 34
1756838170774 1.66504 35
1756838182240 1.63053 36
1756838193723 1.61165 37
1756838205182 1.58104 38
1756838216675 1.58746 39
1756838228104 1.57131 40
1756838239717 1.56485 41
1756838251136 1.60558 42
1756838262608 1.66393 43
1756838274271 1.58976 44
1756838285976 1.52242 45
