1756837754847 2.32133 0
1756837766850 1.98704 1
1756837778410 1.65953 2
1756837790119 1.37027 3
1756837802168 1.35375 4
1756837813923 1.27196 5
1756837825838 1.23327 6
1756837837448 1.21504 7
1756837849067 1.2118 8
1756837860956 1.21368 9
1756837872639 1.23757 10
1756837884222 1.21454 11
1756837895846 1.16612 12
1756837907731 1.20957 13
1756837919897 1.17803 14
1756837933992 1.16244 15
1756837947596 1.18869 16
1756837959267 1.11927 17
1756837970701 1.16292 18
1756837982829 1.15623 19
1756837994312 1.17157 20
1756838005915 1.14582 21
1756838017581 1.16483 22
1756838029348 1.15258 23
1756838041060 1.12519 24
1756838053042 1.13032 25
1756838065160 1.10078 26
1756838076720 1.08834 27
1756838088868 1.10027 28
1756838101089 1.15122 29
1756838112570 1.11031 30
1756838124322 1.12696 31
1756838135965 1.11762 32
1756838147580 1.08759 33
1756838159208 1.08607 34
1756838170774 1.08827 35
1756838182240 1.09415 36
1756838193723 1.08995 37
1756838205182 1.07992 38
1756838216675 1.07282 39
1756838228104 1.07108 40
1756838239717 1.06524 41
1756838251136 1.09169 42
1756838262608 1.10855 43
1756838274271 1.08687 44
1756838285976 1.08247 45
