9 0.7859375 0.5156250000000002 0.7515625 0.5156250000000002 0.7515625 0.6312500000000002 0.7859375 0.6312500000000002
9 0.66875 0.50625 0.6359375 0.50625 0.6359375 0.625 0.66875 0.625
12 0.5265625 0.5078125 0.4890625 0.5078125 0.4890625 0.5953125 0.5265625 0.5953125
10 0.4015625 0.5375 0.34843750000000007 0.5375 0.34843750000000007 0.6484375 0.4015625 0.6484375
10 0.2484375000000001 0.528125 0.19531250000000006 0.528125 0.19531250000000006 0.6359375 0.2484375000000001 0.6359375
10 0.07343750000000006 0.4109375 0.01250000000000005 0.4109375 0.012500000000000058 0.5515625 0.07343750000000007 0.5515625
3 0.7890625 0.47656250000000017 0.74375 0.47656250000000017 0.74375 0.5140625000000002 0.7890625 0.5140625000000002
5 0.6703125 0.4578125 0.628125 0.4578125 0.628125 0.5046875 0.6703125 0.5046875
6 0.5421875 0.46875 0.4890625 0.46875 0.4890625 0.50625 0.5421875 0.50625
6 0.3890625000000001 0.4921875 0.34843750000000007 0.4921875 0.34843750000000007 0.5359375 0.3890625000000001 0.5359375
6 0.2468750000000001 0.4875 0.2000000000000001 0.4875 0.2000000000000001 0.525 0.2468750000000001 0.525
6 0.05468750000000007 0.559375 0.00781250000000007 0.559375 0.007812500000000071 0.59375 0.05468750000000007 0.59375