10 0.6375 0.16562500000000008 0.46875 0.16562500000000005 0.46875 0.2218750000000001 0.6375 0.2218750000000001
12 0.63125 0.3156250000000001 0.4875 0.3156250000000001 0.4875 0.3656250000000001 0.63125 0.3656250000000001
10 0.6171875 0.41875 0.5046875 0.41875 0.5046875 0.478125 0.6171875 0.478125
9 0.6265625 0.5 0.4578125 0.5 0.4578125 0.5625 0.6265625 0.5625
10 0.646875 0.596875 0.446875 0.596875 0.446875 0.675 0.646875 0.675
10 0.6265625000000001 0.6828125 0.4375 0.6828125 0.4375000000000001 0.74375 0.6265625000000001 0.74375
9 0.6281250000000002 0.8015625 0.4750000000000002 0.8015625 0.4750000000000002 0.865625 0.6281250000000002 0.865625
3 0.692216353125 0.2020874031250001 0.66623356144366 0.16611039685139906 0.6293017426936599 0.19278275935139905 0.655284534375 0.22875976562500008
4 0.6778397999999999 0.3849598281249999 0.676134522019592 0.3267053425740854 0.629126353269592 0.3280814081990854 0.6308316312499999 0.38633589374999994
5 0.660272771875 0.44564541875000013 0.6222671179058821 0.4314840571474847 0.5985773265625001 0.4950617015625001 0.6365829805316181 0.5092230631650156
6 0.6888927109375 0.5419977359375 0.6554216503667096 0.498859569873406 0.6234519265625 0.5236649953125 0.6569229871332904 0.566803161376594
4 0.7259466000000001 0.6089588515625002 0.6978465081891956 0.5768594255630893 0.6400406660016956 0.6274631177505895 0.6681407578125 0.6595625437500002
6 0.6981645062499999 0.7377430312500001 0.6388327859374999 0.6877940781250002 0.6170591868907931 0.7136577851300853 0.6763909072032931 0.7636067382550852
5 0.6775623671875001 0.8193137421875003 0.6397592500000001 0.8071869671875002 0.6155734864626035 0.8825818890256112 0.6533766036501034 0.8947086640256113
1 0.6155062593750003 0.9362682000000001 0.5868419296875002 0.0692804515625 0.540360764586849 0.07081721081095002 0.5690250942743491 0.9378049592484501