10 0.4038435832028647 0.153300381424697 0.23049335512512373 0.07105344010151877 0.21284650089720786 0.10824736070269461 0.3861967289749488 0.19049430202587286
9 0.4054787375 0.0806385390625 0.27201889072973423 -0.0047757638100274225 0.25914612193489817 0.015337937210653196 0.392605968705164 0.10075224008318062
10 0.39772727343750003 0.2741477265625 0.2651529094145947 0.1688630044409487 0.24588844999999998 0.19312078281250006 0.3784628140229053 0.2984055049340514
10 0.4133314556505522 0.39871600776265037 0.25320762712820366 0.2856010095284088 0.237215909375 0.30823863593749995 0.39733973789734855 0.42135363417174165
10 0.40339799374999996 0.5129283562500001 0.2735161208356608 0.41143828018436296 0.25426136406250005 0.4360795453125001 0.3841432369768393 0.5375696213781372
10 0.4204545453125001 0.6207386359375 0.2607156138117828 0.5255096576078242 0.24289772656250008 0.5553977265625 0.40263665806321736 0.6506267048921759
10 0.44886363593749995 0.7187500000000002 0.29119318125000004 0.6392045453125001 0.2757441643473043 0.669826703788963 0.43341461903480416 0.749372158476463
10 0.4522412637377057 0.8568054755783425 0.4489136849513078 0.8324014079118763 0.3323974609375 0.8482887968750001 0.335725039723898 0.8726928645414663
9 0.424843528125 0.8406760468750001 0.42415217647530545 0.8155569395707166 0.32980292178780546 0.8181537083207167 0.33049427343750004 0.843272815625
4 0.30101429375 3.7470027081099036e-17 0.20951204057147504 -0.001342195730762634 0.2091108050656795 0.026011454704897387 0.3006130582442045 0.027353650435660053
6 0.33997136875 0.8769586734375 0.3396939359375 0.8400157578124998 0.29959412198417257 0.8403168982064722 0.29987155479667255 0.8772598138314723
5 0.33857310937500007 0.8211780890625002 0.2914219080306815 0.8204021316836302 0.2908781392806815 0.85344434574613 0.33802934062500006 0.8542203031250001