10 0.5355113640625001 0.5610795453125001 0.5287768810268926 0.5363204164987112 0.3512200622768925 0.5846158711862112 0.35795454531250004 0.6093750000000001
9 0.515625 0.49289772656249997 0.5087464684624725 0.47064365400654073 0.34943181875 0.5198863640625001 0.35631035028752744 0.5421404366184593
9 0.5255681812499999 0.43323863593749995 0.5194328070324253 0.41406559195047654 0.34187598984492534 0.4708837747629766 0.34801136406249994 0.49005681875
9 0.5170454546874999 0.39488636406250005 0.5131233316355086 0.3721006966808941 0.3398278769480087 0.40193024199339406 0.34375000000000006 0.424715909375
9 0.5284090906250001 0.32386363593750006 0.5225024746144871 0.3028430319619114 0.35062747461448696 0.35113848664941144 0.35653409062499997 0.372159090625
9 0.5198863640625 0.25426136406250005 0.5124744099116486 0.23369319106967607 0.35480395522414865 0.29051137231967605 0.362215909375 0.31107954531250004
9 0.5142045453124999 0.20312500000000008 0.5078310448803449 0.18226627135157458 0.35442195425534495 0.22914127135157464 0.3607954546874999 0.2500000000000001
9 0.49857954531250004 0.15340909062500002 0.49014831102901635 0.13490150299690126 0.362215909375 0.19318181875 0.3706471436584836 0.2116894063780988
9 0.48011363593749995 0.11079545468750003 0.4716431711514074 0.09011755554212786 0.35374544458890755 0.13841301022962782 0.36221590937500003 0.15909090937499998
9 0.4991066671875 0.042175293750000044 0.47949231041895163 0.009321245785105204 0.3843218557314517 0.06613942703510518 0.4039362125 0.09899347500000003
10 0.5085227265624999 0.7514204546875001 0.49995199774147664 0.7279441107394298 0.3209747258664767 0.7932850201144296 0.3295454546875 0.8167613640625
10 0.5170454546874999 0.6874999999999999 0.511157102001577 0.6641197761168212 0.31939573793907705 0.7124152308043212 0.32528409062499997 0.7357954546874999
9 0.5239439007664342 0.6360489909318747 0.5170454546874999 0.6093750000000002 0.3510560992335658 0.6523032825056255 0.35795454531250004 0.6789772734375001
12 0.5400446109374999 0.8908857859375005 0.5355681867287692 0.8517882130588104 0.41891890547876914 0.8651438161838103 0.4233953296874999 0.9042413890625003
3 0.4187500000000002 0.8515625 0.3625000000000001 0.8515625 0.3625000000000001 0.89375 0.4187500000000002 0.89375
6 0.3890625 0.028125000000000046 0.3296875 0.028125000000000046 0.3296875 0.08906250000000004 0.3890625 0.08906250000000004