2 0.48025790156250026 0.09904896093750006 0.44063017799832815 0.09813450879719365 0.4198267213060789 0.9996509410332914 0.459454444870251 1.0005653931735978
12 0.5265625 0.20468750000000008 0.43125 0.20468750000000008 0.43125 0.2500000000000001 0.5265625 0.2500000000000001
10 0.5390625 0.484375 0.4015625 0.484375 0.4015625 0.51875 0.5390625 0.51875
9 0.553125 0.6234375 0.421875 0.6234375 0.421875 0.66875 0.553125 0.66875
12 0.5500000000000002 0.775 0.41718750000000016 0.775 0.41718750000000016 0.803125 0.5500000000000002 0.803125
10 0.5421875000000002 0.875 0.42187500000000017 0.875 0.42187500000000017 0.9328125 0.5421875000000002 0.9328125
11 0.6128096140625 0.32538396718749996 0.6077593162945844 0.29403850220966976 0.4098769277170312 0.32592078521455925 0.41492722548494687 0.35726625019238945
5 0.4265625 0.19375000000000003 0.396875 0.19375000000000003 0.396875 0.2515625000000001 0.4265625 0.2515625000000001
3 0.415625 0.31718750000000007 0.375 0.31718750000000007 0.375 0.3593750000000001 0.415625 0.3593750000000001
6 0.3984375000000001 0.48125 0.3656250000000001 0.48125 0.3656250000000001 0.5171875 0.3984375000000001 0.5171875
4 0.40937500000000016 0.871875 0.3781250000000001 0.871875 0.3781250000000001 0.9203125 0.40937500000000016 0.9203125
5 0.41875 0.625 0.38750000000000007 0.625 0.38750000000000007 0.6609375 0.41875 0.6609375
6 0.4125000000000002 0.76875 0.3765625000000001 0.76875 0.3765625000000001 0.8140625 0.4125000000000002 0.8140625