9 0.9984375 0.3421875000000001 0.9640625 0.3421875000000001 0.9640625 0.4343750000000002 0.9984375 0.4343750000000002
10 0.934375 0.2500000000000001 0.875 0.2500000000000001 0.875 0.4671875000000002 0.934375 0.4671875000000002
10 0.7875 0.2921875000000001 0.746875 0.2921875000000001 0.746875 0.47968750000000016 0.7875 0.47968750000000016
10 0.64375 0.2796875000000001 0.5984375 0.2796875000000001 0.5984375 0.4640625 0.64375 0.4640625
10 0.50625 0.29375000000000007 0.46875 0.29375000000000007 0.46875 0.4875 0.50625 0.4875
10 0.37812500000000004 0.32656250000000003 0.334375 0.3265625 0.33437500000000003 0.4859375 0.3781250000000001 0.4859375
10 0.275 0.34375 0.2421875 0.34375 0.24218750000000006 0.503125 0.2750000000000001 0.503125
4 0.93125 0.4750000000000002 0.878125 0.4750000000000002 0.878125 0.5187500000000002 0.93125 0.5187500000000002
5 0.79375 0.48125000000000007 0.709375 0.48125 0.709375 0.5328125000000001 0.79375 0.5328125000000001
3 0.6453125 0.478125 0.5921875 0.478125 0.5921875 0.521875 0.6453125 0.521875
5 0.5171875 0.496875 0.4640625 0.496875 0.4640625 0.5375 0.5171875 0.5375
3 0.3750000000000001 0.4921875 0.3359375000000001 0.4921875 0.3359375000000001 0.5375 0.3750000000000001 0.5375
5 0.2750000000000001 0.5125 0.2156250000000001 0.5125 0.2156250000000001 0.553125 0.2750000000000001 0.553125
3 0.9984375 0.4390625000000002 0.9640625 0.4390625000000002 0.9640625 0.4781250000000002 0.9984375 0.4781250000000002