2 0.9011968106694755 0.440528031959251 5.342948306008566e-17 0.43495316875 -0.00024577160697551 0.47468303835324904 0.9009510390625 0.48025790156250003
12 0.796875 0.4312500000000002 0.7515625 0.4312500000000002 0.7515625 0.5265625000000002 0.796875 0.5265625000000002
10 0.515625 0.4015625 0.48125 0.4015625 0.48125 0.5390625 0.515625 0.5390625
9 0.3781250000000001 0.421875 0.3312500000000001 0.421875 0.3312500000000001 0.553125 0.3781250000000001 0.553125
12 0.2250000000000001 0.4171875 0.19687500000000005 0.4171875 0.19687500000000008 0.5515625 0.2250000000000001 0.5515625
10 0.12656250000000005 0.4234375 0.06718750000000004 0.4234375 0.06718750000000005 0.5421875 0.12656250000000005 0.5421875
11 0.7059893176560221 0.6077387522134321 0.6740083163925858 0.40987316405837415 0.6426350315490635 0.4149440259074419 0.6746160328124999 0.6128096140624999
5 0.8078125 0.3968750000000001 0.75 0.3968750000000001 0.75 0.4265625000000002 0.8078125 0.4265625000000002
3 0.684375 0.3750000000000001 0.640625 0.3750000000000001 0.640625 0.415625 0.684375 0.415625
6 0.5203125 0.3671875000000001 0.4828125 0.3671875000000001 0.4828125 0.3984375000000001 0.5203125 0.3984375000000001
4 0.12812500000000004 0.378125 0.08125000000000004 0.378125 0.08125000000000004 0.409375 0.12812500000000004 0.409375
5 0.3750000000000001 0.38750000000000007 0.3390625000000001 0.3875 0.3390625000000001 0.41875 0.3750000000000001 0.41875
6 0.2328125000000001 0.378125 0.18750000000000006 0.378125 0.18750000000000006 0.4125 0.2328125000000001 0.4125