9 0.63125 0.2140625000000001 0.5140625 0.2140625000000001 0.5140625 0.2484375000000001 0.63125 0.2484375000000001
9 0.625 0.33281250000000007 0.5046875 0.33281250000000007 0.5046875 0.3656250000000001 0.625 0.3656250000000001
12 0.5953125 0.4734375 0.5078125 0.4734375 0.5078125 0.5109375 0.5953125 0.5109375
10 0.6484375 0.6 0.5375 0.6 0.5375 0.6515625 0.6484375 0.6515625
10 0.6359375000000002 0.753125 0.5281250000000002 0.753125 0.5281250000000002 0.8046875 0.6359375000000002 0.8046875
10 0.5515625000000002 0.9265625 0.4109375000000002 0.9265625 0.4109375000000002 0.9875 0.5515625000000002 0.9875
3 0.5140625 0.21250000000000008 0.475 0.21250000000000008 0.475 0.2578125000000001 0.5140625 0.2578125000000001
5 0.5046875 0.3296875000000001 0.4578125 0.3296875000000001 0.4578125 0.37187500000000007 0.5046875 0.37187500000000007
6 0.5046875 0.4578125 0.46875 0.4578125 0.46875 0.5109375 0.5046875 0.5109375
6 0.5359375 0.6109375 0.4921875 0.6109375 0.4921875 0.6515625 0.5359375 0.6515625
6 0.5250000000000001 0.753125 0.48750000000000016 0.753125 0.48750000000000016 0.8 0.5250000000000001 0.8
6 0.5937500000000002 0.9453125 0.5593750000000002 0.9453125 0.5593750000000002 0.9921875 0.5937500000000002 0.9921875