0 0.5667003281250003 0.29828435781249996 0.5341027351487346 0.2980525964029983 0.5295842226640192 0.9335882153468251 0.5621818156402847 0.9338199767563268
9 0.6375 0.3156250000000001 0.5328125 0.3156250000000001 0.5328125 0.34843750000000007 0.6375 0.34843750000000007
6 0.5609375 0.4359375 0.51875 0.4359375 0.51875 0.4859375 0.5609375 0.4859375
3 0.5453125 0.3828125000000001 0.5125 0.3828125000000001 0.5125 0.421875 0.5453125 0.421875
9 0.6296875 0.37968750000000007 0.5453125 0.37968750000000007 0.5453125 0.4171875 0.6296875 0.4171875
9 0.6578125 0.459375 0.5578125 0.459375 0.5578125 0.4859375 0.6578125 0.4859375
9 0.6375 0.5859375 0.5328125 0.5859375 0.5328125 0.621875 0.6375 0.621875
10 0.6375 0.51875 0.5390625 0.51875 0.5390625 0.546875 0.6375 0.546875
12 0.6453125000000002 0.78125 0.5265625000000002 0.78125 0.5265625000000002 0.8109375 0.6453125000000002 0.8109375
12 0.6234375000000002 0.7296875 0.5281250000000002 0.7296875 0.5281250000000002 0.753125 0.6234375000000002 0.753125
12 0.6156250000000001 0.7109375 0.525 0.7109375 0.5250000000000001 0.7296875 0.6156250000000002 0.7296875
9 0.646875 0.6578125 0.53125 0.6578125 0.53125 0.684375 0.646875 0.684375
12 0.6500000000000001 0.8546875 0.5140625000000002 0.8546875 0.5140625000000002 0.8890625 0.6500000000000001 0.8890625
5 0.5296875 0.30937500000000007 0.490625 0.30937500000000007 0.490625 0.3578125000000001 0.5296875 0.3578125000000001
6 0.5375 0.5875 0.4984375 0.5875 0.4984375 0.63125 0.5375 0.63125
5 0.5421875 0.5296875 0.509375 0.5296875 0.509375 0.5703125 0.5421875 0.5703125
5 0.5312500000000001 0.715625 0.4859375 0.715625 0.4859375000000001 0.7609375 0.5312500000000002 0.7609375
6 0.5390625 0.659375 0.4984375 0.659375 0.4984375 0.6953125 0.5390625 0.6953125
3 0.5250000000000001 0.78125 0.4781250000000002 0.78125 0.4781250000000002 0.809375 0.5250000000000001 0.809375
6 0.5125000000000002 0.8484375 0.4828125000000002 0.8484375 0.4828125000000002 0.8890625 0.5125000000000002 0.8890625