9 0.584375 0.017187500000000064 0.43125 0.017187500000000057 0.43125 0.04218750000000006 0.584375 0.042187500000000065
9 0.5734375 0.10937500000000007 0.4234375 0.10937500000000004 0.4234375 0.15156250000000007 0.5734375 0.1515625000000001
10 0.5921875 0.22031250000000008 0.4515625 0.22031250000000008 0.4515625 0.2531250000000001 0.5921875 0.2531250000000001
12 0.609375 0.3000000000000001 0.4703125 0.3000000000000001 0.4703125 0.3281250000000001 0.609375 0.3281250000000001
9 0.5859375 0.3937500000000001 0.4734375 0.3937500000000001 0.4734375 0.4296875 0.5859375 0.4296875
9 0.596875 0.4953125 0.496875 0.4953125 0.496875 0.5265625 0.596875 0.5265625
9 0.6125 0.5703125 0.5 0.5703125 0.5 0.6015625 0.6125 0.6015625
9 0.628125 0.6890625 0.4890625 0.6890625 0.48906250000000007 0.7296875 0.6281250000000002 0.7296875
4 0.43125 0.00312500000000005 0.3828125 0.003125000000000047 0.3828125 0.05312500000000005 0.43125 0.05312500000000005
5 0.4328125 0.10781250000000005 0.3859375 0.10781250000000005 0.3859375 0.17031250000000003 0.4328125 0.17031250000000003
6 0.446875 0.2093750000000001 0.40625 0.2093750000000001 0.40625 0.27031250000000007 0.446875 0.27031250000000007
6 0.471875 0.29375000000000007 0.4359375 0.29375000000000007 0.4359375 0.3468750000000001 0.471875 0.3468750000000001
6 0.4765625 0.38750000000000007 0.4453125 0.38750000000000007 0.4453125 0.4375 0.4765625 0.4375
6 0.5046875 0.4953125 0.440625 0.4953125 0.440625 0.53125 0.5046875 0.53125
3 0.50625 0.565625 0.4625 0.565625 0.4625 0.6125 0.50625 0.6125
3 0.4921875000000001 0.6921875 0.453125 0.6921875 0.4531250000000001 0.73125 0.49218750000000017 0.73125