9 0.8921875 0.47187500000000016 0.8359375 0.47187500000000016 0.8359375 0.6515625000000002 0.8921875 0.6515625000000002
9 0.7453125 0.4953125000000001 0.6890625 0.4953125 0.6890625 0.6421875000000001 0.7453125 0.6421875000000001
9 0.6328125 0.4828125 0.5921875 0.4828125 0.5921875 0.66875 0.6328125 0.66875
12 0.51875 0.5015625 0.478125 0.5015625 0.478125 0.6640625 0.51875 0.6640625
12 0.3984375000000001 0.5296875 0.34843750000000007 0.5296875 0.34843750000000007 0.684375 0.3984375000000001 0.684375
12 0.2515625000000001 0.4953125 0.2171875000000001 0.4953125 0.2171875000000001 0.68125 0.2515625000000001 0.68125
9 0.14375000000000007 0.5078125 0.10937500000000004 0.5078125 0.10937500000000007 0.6609375 0.1437500000000001 0.6609375
3 0.90625 0.3984375000000001 0.828125 0.3984375000000001 0.828125 0.47656250000000017 0.90625 0.47656250000000017
4 0.790625 0.4171875000000001 0.6875 0.4171875 0.6875 0.5015625000000001 0.790625 0.5015625000000001
3 0.63125 0.3609375000000001 0.5546875 0.3609375000000001 0.5546875 0.5015625 0.63125 0.5015625
6 0.53125 0.4125 0.453125 0.4125 0.453125 0.5125 0.53125 0.5125
6 0.415625 0.453125 0.34062500000000007 0.453125 0.34062500000000007 0.534375 0.415625 0.534375
5 0.2687500000000001 0.396875 0.19375000000000003 0.396875 0.19375000000000003 0.490625 0.2687500000000001 0.490625
4 0.16250000000000003 0.4421875 0.05468750000000004 0.4421875 0.054687500000000056 0.5171875 0.16250000000000003 0.5171875
2 0.9865724467835777 0.5565244245326536 0.9854958281249999 0.4971868343749999 0.013078347272164222 0.5148303349120436 0.014154965930742081 0.5741679250696973