9 0.8765625 0.41718750000000016 0.846875 0.41718750000000016 0.846875 0.5390625000000002 0.8765625 0.5390625000000002
12 0.678125 0.4234375 0.625 0.4234375 0.625 0.5265625 0.678125 0.5265625
12 0.7453125 0.4312500000000001 0.7046875 0.43125 0.7046875 0.5218750000000001 0.7453125 0.5218750000000002
12 0.803125 0.4281250000000002 0.76875 0.4281250000000002 0.76875 0.5125000000000002 0.803125 0.5125000000000002
12 0.4875 0.4203125 0.440625 0.4203125 0.440625 0.5234375 0.4875 0.5234375
9 0.54375 0.4203125 0.503125 0.4203125 0.503125 0.5328125 0.54375 0.5328125
12 0.6 0.4078125 0.5546875 0.4078125 0.5546875 0.5109375 0.6 0.5109375
12 0.4203125 0.434375 0.36406250000000007 0.434375 0.36406250000000007 0.5375 0.4203125 0.5375
12 0.2140625000000001 0.5484375 0.1531250000000001 0.5484375 0.1531250000000001 0.6734375 0.2140625000000001 0.6734375
9 0.2828125000000001 0.5453125 0.2234375000000001 0.5453125 0.2234375000000001 0.6640625 0.2828125000000001 0.6640625
9 0.3468750000000001 0.5328125 0.2968750000000001 0.5328125 0.2968750000000001 0.6328125 0.3468750000000001 0.6328125
9 0.12500000000000006 0.5421875 0.06875000000000006 0.5421875 0.06875000000000007 0.671875 0.12500000000000008 0.671875
12 0.04531250000000006 0.428125 5.2430191088496056e-17 0.428125 5.855342508423283e-17 0.528125 0.04531250000000007 0.528125
1 0.9608542703125 0.5655129171875 0.9600697560724127 0.5066964174083839 0.00674457248192694 0.5194121890841766 0.007529086722014219 0.5782286888632928
3 0.8796875 0.5484375000000001 0.8421875 0.5484375000000001 0.8421875 0.5796875000000001 0.8796875 0.5796875000000001
6 0.7453125 0.5109375 0.7109375 0.5109375 0.7109375 0.5437500000000001 0.7453125 0.5437500000000002
3 0.809375 0.5187500000000002 0.7625 0.5187500000000002 0.7625 0.5625000000000002 0.809375 0.5625000000000002
4 0.6859375 0.521875 0.6390625 0.521875 0.6390625 0.55 0.6859375 0.55
6 0.6046875 0.51875 0.5609375 0.51875 0.5609375 0.55625 0.6046875 0.55625
5 0.54375 0.5390625 0.503125 0.5390625 0.503125 0.5765625 0.54375 0.5765625
6 0.475 0.5234375 0.440625 0.5234375 0.440625 0.5515625 0.475 0.5515625
3 0.4109375 0.5296875 0.3750000000000001 0.5296875 0.3750000000000001 0.5609375 0.4109375 0.5609375
5 0.3390625000000001 0.4875 0.2984375000000001 0.4875 0.2984375000000001 0.53125 0.3390625000000001 0.53125
6 0.21093750000000008 0.50625 0.15625000000000006 0.50625 0.15625000000000006 0.54375 0.21093750000000008 0.54375
4 0.2656250000000001 0.5046875 0.2328125000000001 0.5046875 0.2328125000000001 0.5421875 0.2656250000000001 0.5421875
5 0.12343750000000006 0.5125 0.08125000000000007 0.5125 0.08125000000000007 0.55 0.12343750000000009 0.55
3 0.03593750000000007 0.521875 0.004687500000000064 0.521875 0.004687500000000066 0.5578125 0.03593750000000007 0.5578125