1 0.5775847911764015 0.9960878054567557 0.5686701000000001 0.12741921093750003 0.5140234306985987 0.12798002110574438 0.5229381218750001 0.996648615625
12 0.63125 0.15000000000000008 0.515625 0.15000000000000005 0.515625 0.2140625000000001 0.63125 0.2140625000000001
12 0.6140625 0.2796875000000001 0.525 0.2796875000000001 0.525 0.3265625000000001 0.6140625 0.3265625000000001
9 0.653125 0.4171875 0.5453125 0.4171875 0.5453125 0.48125 0.653125 0.48125
12 0.659375 0.55625 0.5453125 0.55625 0.5453125 0.6109375 0.659375 0.6109375
9 0.65 0.6671875 0.54375 0.6671875 0.54375 0.721875 0.65 0.721875
9 0.6421875000000001 0.7859375 0.5312500000000002 0.7859375 0.5312500000000002 0.8234375 0.6421875000000001 0.8234375
9 0.6343750000000001 0.8921875 0.5359375000000002 0.8921875 0.5359375000000002 0.925 0.6343750000000001 0.925
3 0.5140625 0.15937500000000004 0.475 0.15937500000000004 0.475 0.2093750000000001 0.5140625 0.2093750000000001
5 0.5234375 0.2765625000000001 0.4828125 0.2765625000000001 0.4828125 0.3218750000000001 0.5234375 0.3218750000000001
6 0.540625 0.41875 0.4921875 0.41875 0.4921875 0.4671875 0.540625 0.4671875
6 0.5453125 0.559375 0.50625 0.559375 0.50625 0.603125 0.5453125 0.603125
6 0.5375 0.653125 0.4859375 0.653125 0.4859375 0.71875 0.5375 0.71875
3 0.5265625000000002 0.7796875 0.4906250000000002 0.7796875 0.4906250000000002 0.8234375 0.5265625000000002 0.8234375
5 0.5406250000000001 0.8765625 0.4890625000000002 0.8765625 0.4890625000000002 0.934375 0.5406250000000001 0.934375