0 0.7017156421874999 0.5340909093749999 0.06637295781250006 0.5340909093749999 0.06637295781250006 0.566700328125 0.7017156421874999 0.566700328125
9 0.6859375 0.5328125 0.653125 0.5328125 0.653125 0.6390625 0.6859375 0.6390625
6 0.5640625 0.51875 0.5140625 0.51875 0.5140625 0.5609375 0.5640625 0.5609375
3 0.61875 0.5125 0.578125 0.5125 0.578125 0.5453125 0.61875 0.5453125
9 0.6203125 0.5453125 0.5828125 0.5453125 0.5828125 0.6296875 0.6203125 0.6296875
9 0.5421875 0.5578125 0.5140625 0.5578125 0.5140625 0.6578125 0.5421875 0.6578125
9 0.415625 0.5328125 0.3781250000000001 0.5328125 0.3781250000000001 0.6390625 0.415625 0.6390625
10 0.4828125 0.540625 0.4546875 0.540625 0.4546875 0.6375 0.4828125 0.6375
12 0.21875000000000008 0.5265625 0.18906250000000005 0.5265625 0.18906250000000008 0.6453125 0.21875000000000008 0.6453125
12 0.27031250000000007 0.528125 0.2484375000000001 0.528125 0.2484375000000001 0.6234375 0.27031250000000007 0.6234375
12 0.2890625000000001 0.525 0.27031250000000007 0.525 0.27031250000000007 0.615625 0.2890625000000001 0.615625
9 0.3437500000000001 0.53125 0.3156250000000001 0.53125 0.3156250000000001 0.646875 0.3437500000000001 0.646875
12 0.14531250000000007 0.515625 0.11093750000000005 0.515625 0.11093750000000006 0.65 0.1453125000000001 0.65
5 0.690625 0.490625 0.6421875 0.490625 0.6421875 0.5296875 0.690625 0.5296875
6 0.4140625 0.4984375 0.3703125000000001 0.4984375 0.3703125000000001 0.5375 0.4140625 0.5375
5 0.4703125 0.5109375 0.4296875 0.5109375 0.4296875 0.5421875 0.4703125 0.5421875
5 0.2843750000000001 0.4859375 0.2390625000000001 0.4859375 0.2390625000000001 0.53125 0.2843750000000001 0.53125
6 0.3421875000000001 0.4984375 0.3046875000000001 0.4984375 0.3046875000000001 0.5390625 0.3421875000000001 0.5390625
3 0.21875000000000008 0.478125 0.19062500000000004 0.478125 0.19062500000000004 0.525 0.21875000000000008 0.525
6 0.15312500000000004 0.4828125 0.11250000000000004 0.4828125 0.11250000000000004 0.5125 0.15312500000000004 0.5125