9 0.6203125 0.18281250000000007 0.4640625 0.18281250000000004 0.4640625 0.2234375000000001 0.6203125 0.2234375000000001
12 0.6375 0.2875000000000001 0.4625 0.2875000000000001 0.4625 0.31718750000000007 0.6375 0.31718750000000007
10 0.64375 0.3671875000000001 0.4671875 0.3671875000000001 0.4671875 0.3890625000000001 0.64375 0.3890625000000001
9 0.6359375 0.4921875 0.4609375 0.4921875 0.4609375 0.5296875 0.6359375 0.5296875
9 0.6 0.5671875 0.4671875 0.5671875 0.4671875 0.6109375 0.6 0.6109375
12 0.6328125 0.6765625 0.459375 0.6765625 0.459375 0.7046875 0.6328125 0.7046875
10 0.6281250000000002 0.7625 0.4578125000000002 0.7625 0.4578125000000002 0.8078125 0.6281250000000002 0.8078125
6 0.465625 0.16250000000000003 0.3578125 0.16250000000000003 0.3578125 0.22656250000000006 0.465625 0.22656250000000008
5 0.45625 0.2687500000000001 0.371875 0.2687500000000001 0.371875 0.3343750000000001 0.45625 0.3343750000000001
6 0.459375 0.3625000000000001 0.3828125 0.3625000000000001 0.38281250000000006 0.4296875 0.459375 0.4296875
4 0.4609375 0.45625 0.37968750000000007 0.45625 0.37968750000000007 0.528125 0.4609375 0.528125
4 0.4671875 0.5546875 0.39531250000000007 0.5546875 0.39531250000000007 0.6140625 0.4671875 0.6140625
5 0.4640625000000001 0.6828125 0.3671875000000001 0.6828125 0.3671875000000001 0.7375 0.46406250000000016 0.7375
4 0.4703125000000002 0.775 0.3765625000000001 0.775 0.3765625000000001 0.8625 0.4703125000000002 0.8625