1756839434428 2.8579999999999997e-05 0
1756839446100 7.074264499999999e-05 1
1756839457782 0.000112056464 2
1756839469256 0.00015252145699999996 3
1756839480765 0.00019213762399999997 4
1756839492327 0.000230904965 5
1756839503908 0.00026882348 6
1756839515577 0.000305893169 7
1756839527126 0.00034211403200000006 8
1756839538838 0.00037748606899999995 9
1756839550453 0.00041200928 10
1756839562154 0.000445683665 11
1756839573737 0.000478509224 12
1756839585354 0.0005104859570000001 13
1756839596951 0.0005416138639999998 14
1756839608491 0.000571892945 15
1756839620066 0.0006013232 16
1756839631591 0.0006299046289999999 17
1756839643072 0.000657637232 18
1756839654763 0.0006845210090000001 19
1756839666321 0.0007105559599999999 20
1756839677956 0.0007357420849999999 21
1756839689566 0.000760079384 22
1756839701128 0.0007835678569999999 23
1756839712692 0.0008062075039999999 24
1756839724337 0.0008279983249999999 25
1756839735935 0.00084894032 26
1756839747536 0.0008690334890000001 27
1756839759061 0.000888277832 28
1756839770647 0.0009066733489999999 29
1756839782257 0.00092422004 30
1756839793978 0.0009409179050000001 31
1756839805709 0.000956766944 32
1756839817378 0.0009621456999999998 33
1756839828894 0.0009479985999999998 34
1756839840504 0.0009338514999999999 35
1756839852561 0.0009197044000000001 36
1756839864308 0.0009055573 37
1756839875935 0.0008914102 38
1756839887483 0.0008772631 39
1756839899231 0.0008631159999999999 40
1756839911082 0.0008489689000000001 41
1756839923312 0.0008348218000000001 42
1756839935013 0.0008206747 43
1756839946667 0.0008065276 44
1756839958394 0.0007923804999999999 45
1756839970016 0.0007782334000000001 46
1756839981704 0.0007640863000000001 47
1756839993429 0.0007499392 48
1756840005154 0.0007357921 49
1756840016859 0.0007216449999999999 50
1756840028459 0.0007074979 51
1756840040071 0.0006933508 52
1756840051786 0.0006792037 53
1756840063411 0.0006650565999999999 54
1756840074977 0.0006509094999999999 55
1756840086579 0.0006367623999999998 56
1756840098406 0.0006226153 57
1756840110611 0.0006084682000000001 58
1756840122564 0.0005943211 59
1756840134504 0.000580174 60
1756840146349 0.0005660268999999999 61
1756840158232 0.0005518798 62
1756840169931 0.0005377327 63
1756840181611 0.0005235856 64
1756840193602 0.0005094384999999999 65
1756840205438 0.0004952913999999999 66
1756840217165 0.0004811442999999999 67
1756840228841 0.00046699719999999993 68
1756840240488 0.00045285010000000006 69
1756840252301 0.00043870300000000003 70
1756840264075 0.0004245559 71
1756840275833 0.0004104088 72
1756840287650 0.00039626170000000004 73
1756840299394 0.0003821146 74
1756840311063 0.0003679675 75
1756840322756 0.00035382039999999994 76
1756840334434 0.00033967329999999997 77
1756840346124 0.00032552619999999993 78
1756840357724 0.00031137909999999995 79
1756840369352 0.0002972319999999999 80
1756840381042 0.0002830848999999999 81
1756840392770 0.0002689378000000001 82
1756840404653 0.00025479070000000004 83
1756840416321 0.00024064360000000006 84
1756840427989 0.00022649650000000003 85
1756840439653 0.0002123494 86
1756840451446 0.00019820230000000002 87
1756840463142 0.00018405519999999999 88
1756840474854 0.00016990809999999995 89
1756840486358 0.00015576099999999995 90
1756840498202 0.00014161389999999994 91
1756840509626 0.00012746679999999994 92
1756840521172 0.0001133196999999999 93
1756840532728 9.917260000000006e-05 94
1756840544270 8.502550000000006e-05 95
1756840556277 7.087840000000005e-05 96
1756840568176 5.673130000000004e-05 97
1756840579910 4.2584200000000025e-05 98
1756840591524 2.843710000000001e-05 99
