1756839434897 0.0 0
1756839446563 0.00025 1
1756839458170 0.03152 2
1756839469655 0.05035 3
1756839481152 0.15784 4
1756839492702 0.15464 5
1756839504362 0.15541 6
1756839515967 0.15735 7
1756839527521 0.24239 8
1756839539231 0.24766 9
1756839550848 0.26896 10
1756839562536 0.29931 11
1756839574118 0.29926 12
1756839585729 0.31708 13
1756839597315 0.25857 14
1756839608858 0.25446 15
1756839620426 0.26551 16
1756839631963 0.26102 17
1756839643505 0.28009 18
1756839655131 0.22469 19
1756839666698 0.23705 20
1756839678326 0.20509 21
1756839689931 0.17463 22
1756839701495 0.20539 23
1756839713081 0.21848 24
1756839724715 0.23778 25
1756839736313 0.27897 26
1756839747922 0.33969 27
1756839759442 0.33969 28
1756839771013 0.307 29
1756839782728 0.32773 30
1756839794346 0.26294 31
1756839806080 0.26294 32
1756839817745 0.2591 33
1756839829273 0.28194 34
1756839840878 0.2814 35
1756839852948 0.2814 36
1756839864674 0.2751 37
1756839876321 0.30694 38
1756839887865 0.33396 39
1756839899635 0.33396 40
1756839911481 0.34285 41
1756839923689 0.33498 42
1756839935388 0.3098 43
1756839947125 0.3098 44
1756839958776 0.29359 45
1756839970389 0.33233 46
1756839982095 0.34787 47
1756839993820 0.34787 48
1756840005550 0.35141 49
1756840017252 0.29533 50
1756840028844 0.29522 51
1756840040447 0.29522 52
1756840052173 0.31265 53
1756840063797 0.32682 54
1756840075360 0.30082 55
1756840087023 0.30082 56
1756840098796 0.28813 57
1756840111019 0.29793 58
1756840122948 0.31829 59
1756840134901 0.31829 60
1756840146792 0.35161 61
1756840158629 0.35941 62
1756840170330 0.34541 63
1756840181998 0.34541 64
1756840193991 0.38665 65
1756840205827 0.39499 66
1756840217551 0.40585 67
1756840229220 0.40585 68
1756840240947 0.41208 69
1756840252693 0.42216 70
1756840264469 0.42459 71
1756840276226 0.42459 72
1756840288041 0.4276 73
1756840299780 0.4017 74
1756840311446 0.39679 75
1756840323147 0.39679 76
1756840334818 0.40973 77
1756840346502 0.38827 78
1756840358101 0.37985 79
1756840369758 0.37985 80
1756840381427 0.35524 81
1756840393216 0.35931 82
1756840405032 0.37336 83
1756840416699 0.37336 84
1756840428367 0.38659 85
1756840440064 0.46009 86
1756840451840 0.46572 87
1756840463542 0.46572 88
1756840475230 0.45272 89
1756840486792 0.45038 90
1756840498573 0.45486 91
1756840510002 0.45486 92
1756840521543 0.43313 93
1756840533096 0.4322 94
1756840544724 0.44332 95
1756840556684 0.44332 96
1756840568569 0.43521 97
1756840580329 0.43072 98
1756840591913 0.43071 99
1756840593362 0.46577983287512786 99
