1756839434897 0.0 0
1756839446563 0.00248 1
1756839458170 0.05369 2
1756839469655 0.08107 3
1756839481152 0.21753 4
1756839492702 0.22204 5
1756839504362 0.21799 6
1756839515967 0.2473 7
1756839527521 0.33384 8
1756839539231 0.3647 9
1756839550848 0.37437 10
1756839562536 0.39655 11
1756839574118 0.3804 12
1756839585729 0.40773 13
1756839597315 0.40064 14
1756839608858 0.37232 15
1756839620426 0.39325 16
1756839631963 0.38126 17
1756839643505 0.39289 18
1756839655131 0.31098 19
1756839666698 0.328 20
1756839678326 0.28716 21
1756839689931 0.26059 22
1756839701495 0.2932 23
1756839713081 0.30427 24
1756839724715 0.33841 25
1756839736313 0.37837 26
1756839747922 0.40695 27
1756839759442 0.40695 28
1756839771013 0.36175 29
1756839782728 0.38056 30
1756839794346 0.31238 31
1756839806080 0.31238 32
1756839817745 0.30903 33
1756839829273 0.33626 34
1756839840878 0.36958 35
1756839852948 0.36958 36
1756839864674 0.36799 37
1756839876321 0.37442 38
1756839887865 0.38502 39
1756839899635 0.38502 40
1756839911481 0.40368 41
1756839923689 0.38911 42
1756839935388 0.38524 43
1756839947125 0.38524 44
1756839958776 0.37442 45
1756839970389 0.39737 46
1756839982095 0.39928 47
1756839993820 0.39928 48
1756840005550 0.40099 49
1756840017252 0.35409 50
1756840028844 0.35813 51
1756840040447 0.35813 52
1756840052173 0.36595 53
1756840063797 0.39332 54
1756840075360 0.36719 55
1756840087023 0.36719 56
1756840098796 0.37023 57
1756840111019 0.38359 58
1756840122948 0.40249 59
1756840134901 0.40249 60
1756840146792 0.42918 61
1756840158629 0.43639 62
1756840170330 0.42654 63
1756840181998 0.42654 64
1756840193991 0.47417 65
1756840205827 0.47741 66
1756840217551 0.48355 67
1756840229220 0.48355 68
1756840240947 0.48094 69
1756840252693 0.50938 70
1756840264469 0.52099 71
1756840276226 0.52099 72
1756840288041 0.53873 73
1756840299780 0.51863 74
1756840311446 0.4986 75
1756840323147 0.4986 76
1756840334818 0.49668 77
1756840346502 0.46474 78
1756840358101 0.48331 79
1756840369758 0.48331 80
1756840381427 0.48912 81
1756840393216 0.48888 82
1756840405032 0.49289 83
1756840416699 0.49289 84
1756840428367 0.49887 85
1756840440064 0.57585 86
1756840451840 0.57663 87
1756840463542 0.57663 88
1756840475230 0.56506 89
1756840486792 0.55995 90
1756840498573 0.56423 91
1756840510002 0.56423 92
1756840521543 0.56928 93
1756840533096 0.56829 94
1756840544724 0.57621 95
1756840556684 0.57621 96
1756840568569 0.5662 97
1756840580329 0.55539 98
1756840591913 0.55539 99
1756840593362 0.5766348014304535 99
