1756839434897 0.0 0
1756839446563 0.00146 1
1756839458170 0.00364 2
1756839469655 0.00454 3
1756839481152 0.02245 4
1756839492702 0.02123 5
1756839504362 0.02276 6
1756839515967 0.02482 7
1756839527521 0.02466 8
1756839539231 0.02464 9
1756839550848 0.02508 10
1756839562536 0.67177 11
1756839574118 0.0238 12
1756839585729 0.02494 13
1756839597315 0.02746 14
1756839608858 0.02669 15
1756839620426 0.03566 16
1756839631963 0.03712 17
1756839643505 0.03381 18
1756839655131 0.03732 19
1756839666698 0.04103 20
1756839678326 0.03542 21
1756839689931 0.02902 22
1756839701495 0.27423 23
1756839713081 0.61177 24
1756839724715 0.62544 25
1756839736313 0.64985 26
1756839747922 0.66607 27
1756839759442 0.66607 28
1756839771013 0.32547 29
1756839782728 0.32001 30
1756839794346 0.31313 31
1756839806080 0.31313 32
1756839817745 0.3157 33
1756839829273 0.26322 34
1756839840878 0.27891 35
1756839852948 0.27891 36
1756839864674 0.29919 37
1756839876321 0.30995 38
1756839887865 0.30442 39
1756839899635 0.30442 40
1756839911481 0.31054 41
1756839923689 0.63851 42
1756839935388 0.63107 43
1756839947125 0.63107 44
1756839958776 0.63251 45
1756839970389 0.84704 46
1756839982095 0.51443 47
1756839993820 0.51443 48
1756840005550 0.31338 49
1756840017252 0.30038 50
1756840028844 0.25417 51
1756840040447 0.25417 52
1756840052173 0.21548 53
1756840063797 0.22062 54
1756840075360 0.22164 55
1756840087023 0.22164 56
1756840098796 0.22249 57
1756840111019 0.23992 58
1756840122948 0.30085 59
1756840134901 0.30085 60
1756840146792 0.30456 61
1756840158629 0.31177 62
1756840170330 0.30531 63
1756840181998 0.30531 64
1756840193991 0.32924 65
1756840205827 0.35076 66
1756840217551 0.41156 67
1756840229220 0.41156 68
1756840240947 0.40329 69
1756840252693 0.46385 70
1756840264469 0.33471 71
1756840276226 0.33471 72
1756840288041 0.32557 73
1756840299780 0.31811 74
1756840311446 0.35272 75
1756840323147 0.35272 76
1756840334818 0.30587 77
1756840346502 0.34207 78
1756840358101 0.38069 79
1756840369758 0.38069 80
1756840381427 0.36432 81
1756840393216 0.41323 82
1756840405032 0.44334 83
1756840416699 0.44334 84
1756840428367 0.44 85
1756840440064 0.48532 86
1756840451840 0.43991 87
1756840463542 0.43991 88
1756840475230 0.48018 89
1756840486792 0.46789 90
1756840498573 0.44494 91
1756840510002 0.44494 92
1756840521543 0.4385 93
1756840533096 0.43476 94
1756840544724 0.43591 95
1756840556684 0.43591 96
1756840568569 0.43983 97
1756840580329 0.44028 98
1756840591913 0.4405 99
1756840593362 0.44390500848478637 99
