1756839434897 0.0 0
1756839446563 0.04762 1
1756839458170 0.09524 2
1756839469655 0.09524 3
1756839481152 0.80952 4
1756839492702 0.80952 5
1756839504362 0.85714 6
1756839515967 0.90476 7
1756839527521 0.90476 8
1756839539231 0.90476 9
1756839550848 0.90476 10
1756839562536 0.48786 11
1756839574118 0.90476 12
1756839585729 0.90476 13
1756839597315 0.90476 14
1756839608858 0.90476 15
1756839620426 0.95238 16
1756839631963 0.90476 17
1756839643505 0.90476 18
1756839655131 0.90476 19
1756839666698 0.90476 20
1756839678326 0.90476 21
1756839689931 0.90476 22
1756839701495 0.42857 23
1756839713081 0.30325 24
1756839724715 0.33456 25
1756839736313 0.38857 26
1756839747922 0.46157 27
1756839759442 0.46157 28
1756839771013 0.50452 29
1756839782728 0.42857 30
1756839794346 0.42857 31
1756839806080 0.42857 32
1756839817745 0.32389 33
1756839829273 0.35446 34
1756839840878 0.48942 35
1756839852948 0.48942 36
1756839864674 0.52381 37
1756839876321 0.5217 38
1756839887865 0.57143 39
1756839899635 0.57143 40
1756839911481 0.56903 41
1756839923689 0.51436 42
1756839935388 0.5089 43
1756839947125 0.5089 44
1756839958776 0.47619 45
1756839970389 0.42754 46
1756839982095 0.42265 47
1756839993820 0.42265 48
1756840005550 0.47619 49
1756840017252 0.52381 50
1756840028844 0.52381 51
1756840040447 0.52381 52
1756840052173 0.39446 53
1756840063797 0.37656 54
1756840075360 0.39231 55
1756840087023 0.39231 56
1756840098796 0.40501 57
1756840111019 0.41802 58
1756840122948 0.56205 59
1756840134901 0.56205 60
1756840146792 0.57143 61
1756840158629 0.57143 62
1756840170330 0.57143 63
1756840181998 0.57143 64
1756840193991 0.46644 65
1756840205827 0.40479 66
1756840217551 0.47619 67
1756840229220 0.47619 68
1756840240947 0.47619 69
1756840252693 0.46759 70
1756840264469 0.62966 71
1756840276226 0.62966 72
1756840288041 0.63761 73
1756840299780 0.61905 74
1756840311446 0.61905 75
1756840323147 0.61905 76
1756840334818 0.69544 77
1756840346502 0.83085 78
1756840358101 0.92565 79
1756840369758 0.92565 80
1756840381427 0.95238 81
1756840393216 0.95238 82
1756840405032 0.95238 83
1756840416699 0.95238 84
1756840428367 0.95238 85
1756840440064 0.85672 86
1756840451840 0.8639 87
1756840463542 0.8639 88
1756840475230 0.81959 89
1756840486792 0.82847 90
1756840498573 0.84079 91
1756840510002 0.84079 92
1756840521543 0.84725 93
1756840533096 0.83209 94
1756840544724 0.83767 95
1756840556684 0.83767 96
1756840568569 0.85115 97
1756840580329 0.85287 98
1756840591913 0.84593 99
1756840593362 0.8628006001956624 99
