1756837754847 2.8579999999999997e-05 0
1756837766850 7.074264499999999e-05 1
1756837778410 0.000112056464 2
1756837790119 0.00015252145699999996 3
1756837802168 0.00019213762399999997 4
1756837813923 0.000230904965 5
1756837825838 0.00026882348 6
1756837837448 0.000305893169 7
1756837849067 0.00034211403200000006 8
1756837860956 0.00037748606899999995 9
1756837872639 0.00041200928 10
1756837884222 0.000445683665 11
1756837895846 0.000478509224 12
1756837907731 0.0005104859570000001 13
1756837919897 0.0005416138639999998 14
1756837933992 0.000571892945 15
1756837947596 0.0006013232 16
1756837959267 0.0006299046289999999 17
1756837970701 0.000657637232 18
1756837982829 0.0006845210090000001 19
1756837994312 0.0007105559599999999 20
1756838005915 0.0007357420849999999 21
1756838017581 0.000760079384 22
1756838029348 0.0007835678569999999 23
1756838041060 0.0008062075039999999 24
1756838053042 0.0008279983249999999 25
1756838065160 0.00084894032 26
1756838076720 0.0008690334890000001 27
1756838088868 0.000888277832 28
1756838101089 0.0009066733489999999 29
1756838112570 0.00092422004 30
1756838124322 0.0009409179050000001 31
1756838135965 0.000956766944 32
1756838147580 0.0009621456999999998 33
1756838159208 0.0009479985999999998 34
1756838170774 0.0009338514999999999 35
1756838182240 0.0009197044000000001 36
1756838193723 0.0009055573 37
1756838205182 0.0008914102 38
1756838216675 0.0008772631 39
1756838228104 0.0008631159999999999 40
1756838239717 0.0008489689000000001 41
1756838251136 0.0008348218000000001 42
1756838262608 0.0008206747 43
1756838274271 0.0008065276 44
1756838285976 0.0007923804999999999 45
