7 0.4890625 5.759666977239896e-17 0.4515625 5.5300457023997667e-17 0.4515625 0.02343750000000006 0.4890625 0.023437500000000062
11 0.45248360217769273 0.6957630345500571 0.41642622500000004 0.6578702062499999 0.4035824441676528 0.6700918606008541 0.4396398213453455 0.7079846889009113
7 0.5340909093749999 0.6477272734375001 0.39878909915477295 0.608019132918872 0.39149661873836034 0.63286758435601 0.5267984289585874 0.672575724874638
7 0.5355113640625 0.6065340906250001 0.410892807204802 0.5576331383732945 0.4016604443172226 0.5811607730400936 0.5262790011749207 0.6300617252917993
7 0.5269886359375 0.5440340906250001 0.4196188848815116 0.5135642964279767 0.4128030075209449 0.5375821500012605 0.5201727585769332 0.5680519441982838
8 0.5312500000000001 0.49715909062500013 0.39572536904012556 0.4539699232550028 0.38829686862879975 0.47728004563373555 0.5238214995886743 0.520469213003733
8 0.5255681812499999 0.4545454546875001 0.40086192968615836 0.3958601602136559 0.3895626769411419 0.4198710724521805 0.5142689285049835 0.4785563669260247
8 0.5184659093750001 0.38920454531250015 0.3715782080831931 0.35013866708992614 0.365546418343209 0.37281819638487496 0.5124341196350161 0.41188407460744897
8 0.5170454546875 0.328125 0.3906987800939503 0.2865049195537403 0.38312065772499876 0.3095099342176672 0.5094673323185485 0.3511300146639269
8 0.5056818187500001 0.2741477265625 0.39448800410121626 0.234994976454216 0.38836470693571623 0.2523851410831873 0.4995585215845 0.2915378911914714
8 0.5120962174013195 0.2108964603550191 0.4040768576780501 0.17732287529408383 0.39764069678243374 0.1980305232190403 0.5056600565057032 0.23160410827997552
8 0.5209045427595522 0.16402761386204828 0.396173300916297 0.14219964615359126 0.3922358251856845 0.1646995070736111 0.5169670670289398 0.1865274747820681
8 0.502840909375 0.13352272656250003 0.42042029918537127 0.08842465728796027 0.40895392294396726 0.10938044855980329 0.4913745331335962 0.15447851783434302
8 0.5105447865852508 0.07115641705203293 0.40767045468749996 0.048295454687500045 0.40108623008719724 0.07792446575099485 0.503960561984948 0.10078542811552774
2 0.4883116813969786 0.8161963828380271 0.4757719818412789 -0.0003477905511887841 0.4531250000000001 0 0.4656646995556998 0.8165441733892159
10 0.5125399500000001 0.7110040843750001 0.5083973788100666 0.6907930722431528 0.43895158325902434 0.7050271021885626 0.44309415444895783 0.72523811432041
6 0.4437500000000001 0.7 0.3890625000000001 0.7 0.3890625000000001 0.75 0.4437500000000002 0.75
5 0.5140625 0.01093750000000006 0.45625 0.010937500000000055 0.45625 0.05156250000000007 0.5140625 0.05156250000000007
11 0.5120960578125 0.0479236953125 0.5099764734375001 0.02901389375000002 0.4970705965510566 0.030460503060191102 0.49919018092605655 0.04937030462269108
12 0.553350275 0.004311301562499992 0.5432698809420822 -0.008836834346059553 0.5113636359375 0.015625 0.5214440299954177 0.028773135908559545
12 0.5060193753455093 0.7008057662322178 0.503046209375 0.6852694421875001 0.4449416512169906 0.6963888353302822 0.4479148171875 0.711925159375