8 0.9293343558357623 0.2323908431084515 0.8925661566561829 0.21309952041749208 0.8040687586329206 0.3817706898090408 0.8408369578125002 0.4010620125000002
2 0.9973579007563316 0.302471898721379 0.9950483474038554 0.2782811306483305 0.051502574999999995 0.36836381406249996 0.05381212835247615 0.3925545821355485
7 1.0047757638100276 0.27201889072973434 0.9846620627893469 0.2591461219348982 0.8992477599168194 0.39260596870516407 0.9193614609375 0.4054787375000002
8 0.8311369955590514 0.2651529094145949 0.8068792171875 0.2458884500000001 0.7015944950659485 0.3784628140229054 0.7258522734375 0.3977272734375002
8 0.7143989904715913 0.25320762712820366 0.6917613640625 0.23721590937499998 0.5786463658282583 0.3973397378973486 0.6012839922373495 0.4133314556505523
8 0.5885617198156371 0.2735161208356608 0.5639204546875 0.25426136406250005 0.46243037862186276 0.3841432369768393 0.48707164374999995 0.4033979937500001
8 0.4744903423921759 0.2607156138117828 0.44460227343750003 0.24289772656250003 0.34937329510782417 0.4026366580632173 0.37926136406250005 0.4204545453125001
8 0.3607954546874999 0.29119318125000004 0.3301732962110372 0.2757441643473043 0.25062784152353723 0.43341461903480416 0.2812499999999999 0.44886363593750006
8 0.1601118609375 0.4499345265625 0.151711203125 0.3323974609375 0.1279883583309987 0.33409298992143155 0.1363890161434987 0.45163005554643154
11 0.24715909062500002 0.30681818125 0.16374067812499998 0.3063132546874999 0.16362020772222605 0.32621604946795624 0.24703862022222606 0.32672097603045624
7 0.18270573247576555 0.33120927942352385 0.15672718437500005 0.3304942734375001 0.15413434681484844 0.4247006949088221 0.18011289491561394 0.4254157008948458
12 1.0000000000000002 0.2613247953125 0.9829545453125001 0.2002840906249999 0.9589238941672058 0.20699458614279026 0.9759693488547058 0.2680352908302904
11 0.9928977265624999 0.25994318125000015 0.951005415625 0.21581476406250025 0.9391942752433344 0.22702740201624386 0.9810865861808346 0.27115581920374376
4 1.0000000000000002 0.30101429375 0.9986572265625002 0.20947265625000006 0.9724890116875423 0.20985650325995642 0.9738317851250423 0.30139814075995636
6 0.1599842421875 0.3396939359375 0.1596831017935277 0.29959412198417257 0.1227401861685277 0.29987155479667255 0.12304132656249997 0.33997136875
5 0.1788219109375 0.338573109375 0.17143110781249998 0.291287509375 0.13925983337978345 0.2963159230064767 0.14665063650478344 0.34360152300647673