8 0.5182870203125 0.5619062937500001 0.5120534688734542 0.5408515650831108 0.35172099387345424 0.5883202713331108 0.35795454531250004 0.6093750000000001
7 0.515625 0.49289772656249997 0.5087464684624725 0.47064365400654073 0.34943181875 0.5198863640625001 0.35631035028752744 0.5421404366184593
7 0.5255681812499999 0.43323863593749995 0.5194328070324253 0.41406559195047654 0.34187598984492534 0.4708837747629766 0.34801136406249994 0.49005681875
7 0.5170454546874999 0.39488636406250005 0.5131233316355086 0.3721006966808941 0.3398278769480087 0.40193024199339406 0.34375000000000006 0.424715909375
7 0.5284090906250001 0.32386363593750006 0.5225024746144871 0.3028430319619114 0.35062747461448696 0.35113848664941144 0.35653409062499997 0.372159090625
7 0.5198863640625 0.25426136406250005 0.5124744099116486 0.23369319106967607 0.35480395522414865 0.29051137231967605 0.362215909375 0.31107954531250004
7 0.5142045453124999 0.20312500000000008 0.5078310448803449 0.18226627135157458 0.35442195425534495 0.22914127135157464 0.3607954546874999 0.2500000000000001
7 0.49857954531250004 0.15340909062500002 0.49014831102901635 0.13490150299690126 0.362215909375 0.19318181875 0.3706471436584836 0.2116894063780988
7 0.48011363593749995 0.11079545468750003 0.4716431711514074 0.09011755554212786 0.35374544458890755 0.13841301022962782 0.36221590937500003 0.15909090937499998
1 0.45968588096868945 0.9346186907177726 0.45671905054639517 0.004150262615019626 0.41052863937311174 0.004297542321614941 0.413495469795406 0.9347659704243678
7 0.4991066671875 0.042175293750000044 0.47949231041895163 0.009321245785105204 0.3843218557314517 0.06613942703510518 0.4039362125 0.09899347500000003
8 0.5085227265624999 0.7514204546875001 0.49995199774147664 0.7279441107394298 0.3209747258664767 0.7932850201144296 0.3295454546875 0.8167613640625
8 0.5068291208017006 0.6902630615017497 0.5009630434490651 0.6668740604962778 0.3194180132723646 0.7124064536820283 0.32528409062499997 0.7357954546875
7 0.5182096107616876 0.6373977512440356 0.51212801875 0.6139581859375001 0.3518729533008124 0.6555377081309645 0.35795454531250004 0.6789772734375001
11 0.448613946875 0.9965764828125001 0.43003151562499997 0.8912519968750002 0.39807668484021985 0.8968897974384508 0.4166591160902199 1.0022142833759506
12 0.40042986511704914 0.8775931606520828 0.3918748469389582 0.8578550499514115 0.33913219062500005 0.8807151093750003 0.347687208803091 0.9004532200756715
3 0.4187500000000002 0.8578125 0.3828125000000001 0.8578125 0.3828125000000001 0.8921875 0.4187500000000002 0.8921875
11 0.3787807258061869 0.06380286926892957 0.35743773633163134 0.06075036019264961 0.34700839490044444 0.1336717893612201 0.36835138437500003 0.13672429843750006
6 0.39375 0.034375000000000044 0.35625 0.034375000000000044 0.35625 0.07968750000000005 0.39375 0.07968750000000005
7 0.5281871453125 0.8919289328125 0.5281631244877245 0.8744723461796189 0.4204520685995875 0.8746205600575246 0.4204760894243629 0.8920771466904057
12 0.5126786671875 0.8191972218750001 0.5053636172497354 0.8027839461601687 0.4043837531550597 0.8477885364317954 0.4116988030928243 0.8642018121466268
12 0.417257190625 0.011374734375000028 0.4036084982600725 -0.00587141332389165 0.36203245919757243 0.027032083551108355 0.3756811515625 0.044278231250000036