11 0.5997369937499999 0.3083107687500001 0.5280355609385436 0.225440422212872 0.509206011700704 0.24173220468951553 0.5809074445121604 0.3246025512266436
7 0.5640625 0.2218750000000001 0.5140625 0.2218750000000001 0.5140625 0.24375000000000008 0.5640625 0.24375000000000008
11 0.6199729218750001 0.34487082812500003 0.6164666031594821 0.32105853387763966 0.5101906470439227 0.33670748269654055 0.5136969657594406 0.3605197769439009
7 0.5625 0.34062500000000007 0.5046875 0.34062500000000007 0.5046875 0.3546875000000001 0.5625 0.3546875000000001
0 0.557632738732298 0.9994227709417922 0.5192464621192372 0.10174173585343663 0.48019770386853083 0.10341152320219198 0.5185839804815916 1.0010925582905477
10 0.55625 0.48125 0.5078125 0.48125 0.5078125 0.5 0.55625 0.5
12 0.6047141328124999 0.5684925421875 0.5909104699481212 0.5521514598520365 0.5188002074481213 0.6130645457895365 0.5326038703125 0.629405628125
12 0.5229498359975213 0.7458940891747631 0.49750317347020373 0.6720770319856199 0.474814675 0.6798983484375001 0.5002613375273176 0.7537154056266433
11 0.5490445218750001 0.6978815250000001 0.5369749130917374 0.6336742512432983 0.5083113724144478 0.6390623903446242 0.5203809811977104 0.703269664101326
8 0.575 0.6171875 0.5296875 0.6171875 0.5296875 0.6359375 0.575 0.6359375
8 0.5796875000000001 0.765625 0.5281250000000002 0.765625 0.5281250000000002 0.7890625 0.5796875000000001 0.7890625
8 0.5515625000000002 0.9546875 0.5046875000000002 0.9546875 0.5046875000000002 0.9796875 0.5515625000000002 0.9796875
3 0.5140625 0.21093750000000008 0.4828125 0.21093750000000008 0.4828125 0.24375000000000008 0.5140625 0.24375000000000008
12 0.5021534100446441 0.3777053638070024 0.4748549278994842 0.35218662068140005 0.42844548035484 0.4018327756243975 0.4557439624999999 0.42735151874999994
5 0.5046875 0.3359375000000001 0.478125 0.3359375000000001 0.478125 0.37187500000000007 0.5046875 0.37187500000000007
6 0.5046875 0.4734375 0.4796875 0.4734375 0.4796875 0.503125 0.5046875 0.503125
6 0.5359375 0.6109375 0.5109375 0.6109375 0.5109375 0.6453125 0.5359375 0.6453125
12 0.521861572200046 0.8056622719936257 0.5059030475624433 0.7839062434985922 0.39792641911239734 0.8631094715049665 0.4138849437500001 0.8848655000000001
6 0.5250000000000001 0.753125 0.5062500000000002 0.753125 0.5062500000000002 0.80625 0.5250000000000001 0.80625
11 0.59583074375 0.9976307265625 0.5802961500523295 0.9712478070902982 0.5619554750570295 0.9820470264296596 0.5774900687547 1.0084299459018613
6 0.5828125000000002 0.95625 0.5593750000000002 0.95625 0.5593750000000002 0.984375 0.5828125000000002 0.984375
12 0.49016258292142156 0.21948270892513455 0.3814764859367668 0.20276854560832297 0.37763560937500007 0.2277443625000001 0.4863217063596548 0.24445852581681163
12 0.48924671562500005 0.5068858749999999 0.4807875811399164 0.4821973022692377 0.3893069780149163 0.5135416303942376 0.3977661125 0.5382302031249999
11 0.5158524953125 0.4657592765625001 0.4972911650330376 0.4578854892953651 0.4899003619080376 0.47530825335786514 0.5084616921875 0.48318204062500014
12 0.61392489375 0.8800048828125 0.5854769625000001 0.8733520499999999 0.5639088792565528 0.9655785295458299 0.5923568105065528 0.9722313623583301