7 1 0.4515625000000002 0.9765625 0.4515625000000002 0.9765625 0.4890625000000002 1 0.4890625000000002
11 0.34212979375 0.41642622500000004 0.3299081393991459 0.403582444167653 0.29201531109908885 0.4396398213453458 0.30423696544994294 0.45248360217769285
7 0.3919808670811281 0.398789099154773 0.36713241564399013 0.3914966187383604 0.32742427512536204 0.5267984289585874 0.35227272656249997 0.5340909093750001
7 0.4423668616267055 0.410892807204802 0.41883922695990644 0.40166044431722253 0.36993827470820084 0.5262790011749207 0.393465909375 0.5355113640625001
7 0.4864357035720233 0.4196188848815116 0.4624178499987396 0.4128030075209449 0.43194805580171625 0.5201727585769333 0.455965909375 0.5269886359375
8 0.5460300767449974 0.39572536904012556 0.5227199543662645 0.3882968686287997 0.4795307869962671 0.5238214995886743 0.5028409093749999 0.5312500000000002
8 0.6041398397863443 0.40086192968615847 0.5801289275478198 0.389562676941142 0.5214436330739755 0.5142689285049837 0.5454545453125001 0.52556818125
8 0.649861332910074 0.3715782080831931 0.6271818036151253 0.365546418343209 0.5881159253925512 0.512434119635016 0.6107954546874999 0.518465909375
8 0.7134950804462596 0.3906987800939504 0.6904900657823329 0.38312065772499887 0.6488699853360731 0.5094673323185486 0.6718749999999999 0.5170454546875001
8 0.7650050235457841 0.39448800410121637 0.7476148589168128 0.38836470693571634 0.7084621088085287 0.4995585215845001 0.7258522734375001 0.5056818187500001
8 0.8226771247059166 0.40407685767805024 0.80196947678096 0.39764069678243386 0.7683958917200246 0.5056600565057033 0.7891035396449811 0.5120962174013197
8 0.857800353846409 0.396173300916297 0.835300492926389 0.39223582518568456 0.813472525217932 0.5169670670289399 0.8359723861379521 0.5209045427595524
8 0.9115753427120398 0.42042029918537127 0.8906195514401969 0.40895392294396726 0.845521482165657 0.4913745331335962 0.8664772734374999 0.502840909375
8 0.9517045453125 0.4076704546875001 0.9220755342490052 0.4010862300871973 0.8992145718844725 0.5039605619849482 0.9288435829479671 0.5105447865852509
2 1.000347790551189 0.475771981841279 1.0000000000000002 0.453125 0.18345582661078402 0.4656646995556996 0.1838036171619728 0.4883116813969786
10 0.30969358777300526 0.5074739038285158 0.29296223942802013 0.439116855567128 0.2722645672800149 0.4441829017386124 0.28899591562500004 0.5125399500000001
6 0.3000000000000001 0.3890625 0.2500000000000001 0.3890625 0.2500000000000001 0.44375 0.3000000000000001 0.44375
5 0.990625 0.45625000000000016 0.95 0.45625000000000016 0.95 0.5140625000000002 0.990625 0.5140625000000002
11 0.9709861062499998 0.5099764734375001 0.9695394969398088 0.49707059655105656 0.950629695377309 0.4991901809260565 0.9520763046875 0.5120960578125
12 1.0075052979729804 0.5452951932412643 0.9843749999999998 0.5113636359375 0.9707531641966348 0.5206493023232245 0.9938834621696152 0.5545808596269888
12 0.31473055781250003 0.5030462093749999 0.29922855727358166 0.44493918844701535 0.28401054624418665 0.44899910429558937 0.2995125467831049 0.5071061252235739