2 0.903125 0.4468750000000001 5.472640383689735e-17 0.446875 5.587451021109799e-17 0.46562500000000007 0.903125 0.4656250000000002
12 0.6283472245431729 0.5388511335090834 0.5130126266891913 0.37151972743510137 0.4515964911914807 0.41385132229567595 0.5669310890454623 0.581182728369658
8 0.5125 0.403125 0.4875 0.403125 0.4875 0.5328125 0.5125 0.5328125
7 0.3656250000000001 0.41875 0.3437500000000001 0.41875 0.3437500000000001 0.534375 0.3656250000000001 0.534375
10 0.22656250000000008 0.4109375 0.20468750000000008 0.4109375 0.20468750000000008 0.521875 0.22656250000000008 0.521875
8 0.10937500000000004 0.4078125 0.08437500000000005 0.4078125 0.08437500000000006 0.5203125 0.10937500000000004 0.5203125
11 0.7923861421874999 0.4018554687500001 0.7136285953124999 0.2941617093750001 0.6982405143684685 0.3054151702375353 0.7769980612434685 0.4131089296125353
12 0.7692031754121521 0.47005617769156627 0.6719415843750002 0.3865689359375001 0.6556736449003484 0.40552088168343375 0.7529352359375003 0.4890081234375
5 0.8078125 0.3968750000000001 0.75 0.3968750000000001 0.75 0.4265625000000002 0.8078125 0.4265625000000002
3 0.684375 0.3750000000000001 0.640625 0.3750000000000001 0.640625 0.415625 0.684375 0.415625
6 0.5203125 0.3671875000000001 0.4828125 0.3671875000000001 0.4828125 0.3984375000000001 0.5203125 0.3984375000000001
11 0.2087625699366873 0.39303513082373254 0.20437770754373216 0.3714747190927427 0.06321591400868296 0.400183588270053 0.06760077640163807 0.4217440000010428
11 0.10085227343750006 0.37500000000000006 0.0007712625000000472 0.3725752390625 0.00017505724567877523 0.39718336584972963 0.10025606818317878 0.3996081267872297
4 0.12812500000000004 0.378125 0.08125000000000004 0.378125 0.08125000000000004 0.409375 0.12812500000000004 0.409375
12 0.3341286406249999 0.46713534218749997 0.2308973223624382 0.3723687513328243 0.20896905517493822 0.3962556919578243 0.31220037343749996 0.4910222828125
11 0.34861267248228 0.4151124399746073 0.34801136406249994 0.39488636406249994 0.21590303456621704 0.3988138609825348 0.2165043429859971 0.41903993689464214
5 0.3750000000000001 0.38750000000000007 0.3390625000000001 0.3875 0.3390625000000001 0.41875 0.3750000000000001 0.41875
12 0.20887953308296964 0.4668021197039707 0.1299908398558813 0.3855174801792121 0.10571289062500003 0.4090798125000001 0.1846015838520883 0.4903644520247587
6 0.2328125000000001 0.378125 0.18750000000000006 0.378125 0.18750000000000006 0.4125 0.2328125000000001 0.4125
7 0.7846036585365853 0.5098704268292684 0.7743921493902438 0.4179668445121953 0.7647884908536586 0.4190339176829269 0.775 0.5109375
12 0.9105871617824871 0.3444481863876732 0.8951748937499999 0.31984086406249995 0.7851899642355337 0.38872756334700787 0.800602232268021 0.41333488567218113
11 0.700078790625 0.25696355625 0.6801701420756074 0.25373480011256316 0.6594181889506074 0.38169223136256325 0.6793268375 0.38492098750000014
11 0.6065507374999999 0.2867431640625 0.5891613509196121 0.2681426603781497 0.49050759187356013 0.36037286998820417 0.507896978453948 0.3789733736725545
12 0.49947360522760176 0.4160522371593068 0.366796379970746 0.3971717772654544 0.36241776693064426 0.42794127291864753 0.49509499218749997 0.44682173281250004
9 0.6942305125 0.5656571828125001 0.6715555719034224 0.4099126047912268 0.6414129078125 0.41430109218750005 0.6640878484090776 0.5700456702087734