0 0.59754866590162 0.29740890749942084 0.53409452644213 0.2973133758933698 0.5331365465138213 0.9336241685523262 0.5965906859733113 0.9337197001583772
12 0.5306674597798942 0.3835731150490987 0.49236505625 0.36247669531250004 0.48300441522010573 0.37947176151340134 0.52130681875 0.40056818125
11 0.521573153125 0.37911154999999996 0.5184531260453177 0.3414102091498106 0.50134399597799 0.3428260990867756 0.5044640230576722 0.3805274399369649
7 0.5953125 0.3187500000000001 0.5328125 0.3187500000000001 0.5328125 0.3390625000000001 0.5953125 0.3390625000000001
11 0.542221371762068 0.45872909684863494 0.5240469763314445 0.45326980142445167 0.5127482342568765 0.4908841436383168 0.5309226296875 0.4963434390625
6 0.5609375 0.4421875 0.5328125 0.4421875 0.5328125 0.478125 0.5609375 0.478125
12 0.5559636890624999 0.4483476125 0.49739213437499996 0.4348200015625 0.4929012729374681 0.45426443543169254 0.5514728276249681 0.4677920463691925
11 0.5328125 0.4125 0.5296875 0.4125 0.5296875 0.446875 0.5328125 0.446875
3 0.5453125 0.3859375000000001 0.525 0.3859375000000001 0.525 0.4171875 0.5453125 0.4171875
11 0.5484375 0.4171875 0.546875 0.4171875 0.546875 0.4484375 0.5484375 0.4484375
7 0.5984375 0.3890625000000001 0.5453125 0.3890625000000001 0.5453125 0.4046875 0.5984375 0.4046875
7 0.6171875 0.4625 0.5578125 0.4625 0.5578125 0.478125 0.6171875 0.478125
12 0.5353449046875001 0.62548828125 0.5189626411832504 0.6205235799457123 0.5042613640625001 0.6690340906250001 0.5206436275667499 0.6739987919292879
7 0.6109375 0.59375 0.5328125 0.59375 0.5328125 0.6140625 0.6109375 0.6140625
12 0.5235207816720532 0.5932982250706692 0.46257435156250004 0.5574007906250003 0.4522363502125811 0.5749525819013075 0.5131827803221342 0.6108500163469766
11 0.5484841093750001 0.5566184296875 0.5300882590574734 0.5492973912373001 0.5120512898889041 0.5946195661259979 0.5304471402064308 0.6019406045761977
11 0.5247025921875001 0.5292247421875003 0.508517719029802 0.527663765009505 0.5070417784048019 0.5429669431345049 0.5232266515625 0.5445279203125001
8 0.609375 0.5234375 0.5390625 0.5234375 0.5390625 0.54375 0.609375 0.54375
11 0.500138715625 0.8030007109374999 0.491134963864439 0.7847686845684338 0.44247329823943904 0.808799889255934 0.45147705 0.827031915625
12 0.5522183500000002 0.8264382109375001 0.5390725314609968 0.8109137615196721 0.5000848119858926 0.8439278460565905 0.513230630524896 0.8594522954744186
12 0.5424083359375002 0.800792346875 0.5223724503138627 0.7939721743863253 0.5179165921875001 0.8070623218750003 0.5379524778111374 0.8138824943636751
10 0.6093750000000002 0.7859375 0.5265625000000002 0.7859375 0.5265625000000002 0.8046875 0.6093750000000002 0.8046875
10 0.6031250000000001 0.7296875 0.5265625000000002 0.7296875 0.5265625000000002 0.746875 0.6031250000000001 0.746875
12 0.5984375000000001 0.7125 0.525 0.7125 0.5250000000000001 0.73125 0.5984375000000002 0.73125
7 0.609375 0.6578125 0.53125 0.6578125 0.53125 0.6765625 0.609375 0.6765625
11 0.51544189375 0.9069380328124999 0.5115411937500001 0.8690185546874998 0.496845418801869 0.8705302793254607 0.5007461188018689 0.9084497574504606
10 0.6203125000000002 0.8546875 0.5140625000000002 0.8546875 0.5140625000000002 0.878125 0.6203125000000002 0.878125
5 0.53125 0.3109375000000001 0.503125 0.3109375000000001 0.503125 0.34062500000000007 0.53125 0.34062500000000007
12 0.5290682416128564 0.5588239515350726 0.5142171553006103 0.5480696172929194 0.46664971212525386 0.6137573845078469 0.48150079843750004 0.6245117187500001
6 0.5375 0.5875 0.5078125 0.5875 0.5078125 0.6203125 0.5375 0.6203125
5 0.5421875 0.534375 0.509375 0.534375 0.509375 0.5703125 0.5421875 0.5703125
11 0.5122362672005388 0.7340969737387526 0.49513409482764975 0.7199112362842783 0.465963346377111 0.7550791766080259 0.48306551875000003 0.7692649140625001
5 0.5265625 0.7171875 0.5015625 0.7171875 0.5015625000000001 0.7515625 0.5265625000000002 0.7515625
11 0.5150645859375 0.690490721875 0.5098555111993311 0.6728797586412384 0.46113835963683114 0.6872896055162384 0.466347434375 0.7049005687500001
6 0.540625 0.6640625 0.5125 0.6640625 0.5125 0.69375 0.540625 0.69375
3 0.5250000000000001 0.7796875 0.4937500000000002 0.7796875 0.4937500000000002 0.809375 0.5250000000000001 0.809375
6 0.5125000000000002 0.85 0.4906250000000002 0.85 0.4906250000000002 0.875 0.5125000000000002 0.875
12 0.5095825187499999 0.31682239843749993 0.4700282999089424 0.27386968147689317 0.45738636406249994 0.28551136406249994 0.49694058290355747 0.3284640810231067