7 0.5578125 0.19062500000000007 0.4671875 0.19062500000000004 0.4671875 0.2156250000000001 0.5578125 0.2156250000000001
10 0.5453125 0.2906250000000001 0.4640625 0.2906250000000001 0.4640625 0.3125000000000001 0.5453125 0.3125000000000001
8 0.5671875 0.3734375000000001 0.4640625 0.3734375000000001 0.4640625 0.3890625000000001 0.5671875 0.3890625000000001
7 0.5734375 0.509375 0.4609375 0.509375 0.4609375 0.528125 0.5734375 0.528125
7 0.5375 0.56875 0.46875 0.56875 0.46875 0.59375 0.5375 0.59375
10 0.565625 0.6703125 0.459375 0.6703125 0.459375 0.7078125 0.565625 0.7078125
8 0.5656250000000002 0.7625 0.4578125000000002 0.7625 0.4578125000000002 0.8 0.5656250000000002 0.8
6 0.4671875 0.17812500000000003 0.4 0.17812500000000003 0.4 0.21875000000000008 0.4671875 0.21875000000000008
5 0.4484375 0.2906250000000001 0.3890625 0.2906250000000001 0.3890625 0.3281250000000001 0.4484375 0.3281250000000001
12 0.436477043135152 0.4306420426303578 0.4135469370149603 0.4198604491567458 0.3770166266923083 0.49755247996388813 0.3999467328125 0.5083340734375
6 0.459375 0.3781250000000001 0.4109375 0.3781250000000001 0.4109375 0.4296875 0.459375 0.4296875
12 0.4382990062500001 0.5646639734375001 0.43461207666931595 0.5060333431923769 0.40528367945138405 0.5078776306374337 0.4089706090320682 0.5665082608825569
4 0.465625 0.475 0.3968750000000001 0.475 0.3968750000000001 0.525 0.465625 0.525
11 0.4351957590912482 0.5884084762448343 0.41259210781250005 0.5787353515625 0.3524795784087519 0.7192031628176656 0.3750832296875001 0.7288762875
12 0.48758766875 0.6258711375000001 0.46189871439680275 0.6086670955234796 0.4062500000000001 0.6917613640625001 0.4319389543531974 0.7089654060390206
4 0.46875 0.5546875 0.4109375 0.5546875 0.4109375 0.60625 0.46875 0.60625
5 0.4609375000000001 0.6859375 0.3890625000000001 0.6859375 0.3890625000000001 0.7265625 0.46093750000000017 0.7265625
12 0.4161741712915391 0.8407564110982839 0.3962185560501389 0.8229562222520906 0.34636629569609984 0.8788450970913066 0.3663219109375 0.8966452859375
4 0.4671875000000002 0.7875 0.3968750000000001 0.7875 0.3968750000000001 0.84375 0.4671875000000002 0.84375
1 0.5156490382087353 0.9996004052859971 0.4987478474826901 0.0647728829694968 0.46732954531250004 0.065340909375 0.4842307360385453 1.0001684316915003
12 0.42085878471389526 0.17677906455451417 0.4123969221765697 0.10236479462488664 0.38294488496371604 0.10571387122773508 0.39140674750104154 0.18012814115736261
11 0.47158536093750003 0.19322065937500002 0.4668801046875 0.17436634374999999 0.4278758746780989 0.18410018403772843 0.4325811309280989 0.20295449966272844
12 0.4042322373944146 0.31801897106015664 0.3924275296707817 0.2991229082094022 0.30157197977636707 0.3558819918367456 0.31337668750000003 0.3747780546875001
11 0.4279347655704311 0.26686205314392086 0.41076105312500005 0.26513671875000006 0.40786401880456913 0.2939733515435793 0.4250377312500001 0.29569868593750004
11 0.5217340640625 0.36427445781250006 0.5095173192375053 0.3446855052597206 0.45214484375 0.38046612656250006 0.46436158857499465 0.40005507911527954
12 0.4272084045537989 0.4738245621366416 0.4077072596222169 0.45197042028990647 0.394578000380918 0.46368607534076495 0.4140791453125 0.4855402171875001
11 0.39530077556736354 0.7301034097474574 0.38990922343749995 0.7019431374999999 0.30218072982235694 0.7187395925358051 0.3075722819522205 0.7468998647832625
11 0.48512406718750006 0.895213734375 0.4589037680491007 0.8269093885438181 0.4322343312500001 0.83714710625 0.4584546303883995 0.9054514520811818
12 0.44006969560612086 0.7924282601590511 0.3826793328125001 0.7812721953125001 0.3796879403313794 0.796660874215949 0.4370783031250002 0.8078169390625
11 0.5735695578125 0.5123790390624999 0.5733900622105349 0.4944573488425891 0.4476422443325421 0.495716782522607 0.44782173993450713 0.5136384727425178