7 0.640625 0.3359375000000001 0.515625 0.3359375000000001 0.515625 0.3578125000000001 0.640625 0.3578125000000001
12 0.6265758171875 0.46829501093750003 0.5530219607850829 0.4128327050825303 0.5398948803957565 0.4302417790662976 0.6134487367981737 0.4857040849212674
10 0.6265625 0.45 0.5453125 0.45 0.5453125 0.4703125 0.6265625 0.4703125
8 0.6296875 0.7 0.5203125 0.7 0.5203125 0.725 0.6296875 0.725
7 0.6328125000000002 0.8203125 0.5234375000000002 0.8203125 0.5234375000000002 0.8484375 0.6328125000000002 0.8484375
11 0.7259965375 0.27956875937500003 0.6769780030937448 0.20763507847111295 0.6571398041915348 0.22115363366287943 0.70615833859779 0.2930873145667665
3 0.692216353125 0.2020874031250001 0.66623356144366 0.16611039685139906 0.6293017426936599 0.19278275935139905 0.655284534375 0.22875976562500008
11 0.6600959466463757 0.3853121178571623 0.6352873355302082 0.3806849945548031 0.6223526998213325 0.4500348532601408 0.6471613109375001 0.4546619765625001
4 0.6778397999999999 0.3849598281249999 0.676134522019592 0.3267053425740854 0.629126353269592 0.3280814081990854 0.6308316312499999 0.38633589374999994
9 0.6423783734375 0.5397505328125 0.6387260291820895 0.5183462382127589 0.49775275470419944 0.5424013607399905 0.5014050989596099 0.5638056553397315
11 0.658752440625 0.5485395953125001 0.6473168880503882 0.5281025332740956 0.5581001364878881 0.5780237426490956 0.5695356890625001 0.5984608046875001
11 0.6286399140625002 0.49005126875000016 0.6104731414513218 0.487113264015197 0.6003967930138219 0.5494190624526969 0.6185635656250001 0.5523570671875
5 0.660272771875 0.44564541875000013 0.6222671179058821 0.4314840571474847 0.5985773265625001 0.4950617015625001 0.6365829805316181 0.5092230631650156
12 0.6940307609375 0.6232466265625002 0.6782314324733527 0.6195013112636245 0.6533484512233528 0.7244682800136244 0.6691477796875 0.7282135953125001
4 0.7259466000000001 0.6089588515625002 0.6978465081891956 0.5768594255630893 0.6400406660016956 0.6274631177505895 0.6681407578125 0.6595625437500002
6 0.6981645062499999 0.7377430312500001 0.6388327859374999 0.6877940781250002 0.6170591868907931 0.7136577851300853 0.6763909072032931 0.7636067382550852
11 0.645892589622577 0.8595687759006898 0.6253177174944764 0.8593066646367967 0.6242897734375001 0.9399968921875 0.6448646455656007 0.9402590034513931
5 0.6773346621837499 0.8296783128813034 0.6398759328125002 0.8071122609374999 0.6096415456287504 0.8573001152436965 0.6471002750000002 0.8798661671874999
1 0.6155062593750003 0.9362682000000001 0.5868419296875002 0.0692804515625 0.540360764586849 0.07081721081095002 0.5690250942743491 0.9378049592484501
9 0.6482006811120821 0.19653192809675496 0.6442566713938933 0.1768766564327336 0.5055375531249999 0.2047119140625 0.5094815628431887 0.2243671857265214
12 0.6585970796875 0.2127019703125 0.6545779655698805 0.19433639402019398 0.5557953390073804 0.21595393777019395 0.5598144531249999 0.23431951406249993
12 0.6442260734374999 0.3560513578125001 0.5773297527543321 0.3045445402301417 0.5635486953124998 0.32244318125000004 0.6304450159956677 0.37394999883235847
5 0.671875 0.5171875 0.63125 0.5171875 0.63125 0.5515625 0.671875 0.5515625
12 0.7312067203124999 0.5938720703124999 0.6776279790348835 0.5337985615526857 0.6556976272381061 0.5533579425394788 0.7092763685157225 0.613431451299293
7 0.6631469718749999 0.6501353875000001 0.6584722684665213 0.6260262562118826 0.5208002389160082 0.6527205364039333 0.5254749423244869 0.6768296676920509
11 0.7770663171875001 0.6065174453125001 0.7042314622216165 0.6010635869695594 0.7026320077260422 0.6224238843745094 0.7754668626919258 0.62787774271745
11 0.7611416906250003 0.7921253546875001 0.6760896153644796 0.7264119395698103 0.6616228523185547 0.7451360953172248 0.7466749275790753 0.8108495104349146
12 0.6739280000000001 0.8028841890624999 0.6460959687500001 0.79705255625 0.63991174868288 0.8265673442517464 0.6677437799328799 0.8323989770642465