8 0.5724431812499999 0.32102272656250014 0.3897839446639708 0.23558534233498224 0.37604116054024594 0.26496646722899175 0.5587003971262752 0.35040385145650965
7 0.5689851899211401 0.39946208918633264 0.40172317400728125 0.3340117368721026 0.39239707471114116 0.35784510237326994 0.5596590906250001 0.42329545468749996
7 0.571155296093176 0.49721695827755485 0.3880778619638309 0.41730220490404035 0.3792613640625001 0.4375000000000001 0.5623387981918452 0.5174147533735146
7 0.5610795453125001 0.6036931812500003 0.3885179516188145 0.5159743717682843 0.3761383384756714 0.540327709278381 0.548699932169357 0.6280465187600968
7 0.5608330691594927 0.6758070261560885 0.4023019500835444 0.6091350598544775 0.3920454546875001 0.6335227265625001 0.5505765737634485 0.7001946928641111
7 0.5616371694464405 0.7981517599755575 0.391057492496906 0.6880503313509503 0.37215909062500013 0.7173295453125001 0.5427387675745347 0.8274309739371073
8 0.5568181812500002 0.9090909093750001 0.3931165110927265 0.8037524432382102 0.37819904230013435 0.8269349960645936 0.541900712457408 0.9322734622013836
0 0.5247451301285506 0.9903010875957857 0.4963446859285069 0.12546762051376978 0.43862040195824986 0.12736324015418005 0.4670208461582936 0.992196707236196
10 0.535683371875 0.9665693796875001 0.45317493750000015 0.9515991218750001 0.449840738584989 0.9699755276669357 0.532349172959989 0.9849457854794357
11 0.5605865621984358 0.2584886591096154 0.5550203607609779 0.18739306048081508 0.5320481001250421 0.18919159980869976 0.5376143015625 0.26028719843750003
3 0.5640625 0.17812500000000006 0.53125 0.17812500000000003 0.53125 0.19843750000000007 0.5640625 0.1984375000000001
7 0.5425317192208248 0.17783820727156047 0.3655692736220185 0.15328309759307884 0.36163396846369367 0.18164384344651838 0.5385964140624999 0.20619895312500006
11 0.4165261015624999 0.9974698156250001 0.41417645021912247 0.9800793009636465 0.3805041322861914 0.9846288044491048 0.38285378362956884 1.0020193191104585
6 0.44531250000000017 0.9515625 0.4046875000000002 0.9515625 0.4046875000000002 0.9890625 0.44531250000000017 0.9890625
12 0.7072199046875001 0.21528764218750007 0.5609353859041007 0.18370803509707617 0.5565140043781798 0.20418896340708342 0.7027985231615791 0.2357685704975073
12 0.43053644375000005 0.9551613546875 0.39394864218750014 0.9066938921875002 0.3755394331533711 0.9205908955031431 0.412127234715871 0.9690583580031429
12 0.4474078917362025 0.95167985679077 0.40970222820453267 0.8954435223112955 0.396911621875 0.9040194421875001 0.43461728540666983 0.9602557766669746
12 0.6017400562499999 0.16203169375 0.5906878161237771 0.1456547387303639 0.5505171809430456 0.17276451008334198 0.5615694210692684 0.18914146510297808