2 0.46562500000000007 0.09687500000000006 0.446875 0.09687500000000004 0.4468750000000001 1 0.4656250000000002 1
12 0.5757518799974953 0.4393526910655782 0.5549867750609729 0.385114974531464 0.3662803065498009 0.4573619250160107 0.3870454114863232 0.511599641550125
8 0.5328125 0.4890625 0.403125 0.4890625 0.403125 0.5140625 0.5328125 0.5140625
7 0.534375 0.634375 0.41875 0.634375 0.41875 0.65625 0.534375 0.65625
10 0.5218750000000002 0.7734375 0.4109375000000002 0.7734375 0.4109375000000002 0.7953125 0.5218750000000002 0.7953125
8 0.5203125000000002 0.890625 0.4078125000000002 0.890625 0.4078125000000002 0.915625 0.5203125000000002 0.915625
11 0.4130962987385711 0.22301189234535626 0.40185546875 0.20761385781250005 0.2940953947330411 0.2862805648520114 0.30533622472161226 0.30167859938486763
12 0.4890081234375 0.24706476406250005 0.4708840475999853 0.23005657634649374 0.3824997009215993 0.3242397208881501 0.400623776759114 0.34124790860415655
5 0.4265625 0.19375000000000003 0.396875 0.19375000000000003 0.396875 0.2515625000000001 0.4265625 0.2515625000000001
3 0.415625 0.31718750000000007 0.375 0.31718750000000007 0.375 0.3609375000000001 0.415625 0.3609375000000001
6 0.3984375000000001 0.48125 0.3671875000000001 0.48125 0.3671875000000001 0.51875 0.3984375000000001 0.51875
11 0.4217440000010428 0.9323992235983619 0.39303513082373254 0.7912374300633127 0.37147471909274277 0.7956222924562678 0.400183588270053 0.9367840859913169
11 0.398627516757827 0.8994724678114417 0.37395097037452923 0.8991333084924913 0.3725752390625001 0.9992287375 0.39725178544579787 0.9995678968189505
4 0.40937500000000016 0.8734375 0.3781250000000001 0.8734375 0.3781250000000001 0.9203125 0.40937500000000016 0.9203125
12 0.49102228281250015 0.6877996265625 0.4671353421875001 0.665871359375 0.3723687513328245 0.7691026776375619 0.39625569195782456 0.7910309448250621
11 0.41903993689464214 0.7834956570140028 0.41511243997460723 0.6513873275177199 0.39488636406249994 0.6519886359374999 0.3988138609825348 0.7840969654337828
5 0.41875 0.625 0.38750000000000007 0.625 0.38750000000000007 0.6609375 0.41875 0.6609375
12 0.4880038171875 0.8129660859375003 0.46376469425985434 0.789441435475708 0.3848406895723544 0.8707624589132077 0.4090798125000001 0.894287109375
6 0.4125000000000002 0.76875 0.3781250000000001 0.76875 0.3781250000000001 0.8140625 0.4125000000000002 0.8140625
7 0.5109375 0.225 0.5100451819589763 0.21593835644546583 0.4180139319589764 0.22500085644546583 0.41890625000000015 0.2340625
12 0.41333488567218124 0.1993977677319791 0.3444481863876732 0.08941283821751281 0.31984086406250006 0.10482510625 0.3887275633470081 0.21481003576446628
11 0.3849209875000001 0.3206731625000001 0.25696413953778763 0.2999176134370398 0.2537348239127876 0.31982617124953977 0.3816916718750001 0.34058172031250006
11 0.37897337367255457 0.4921030215460521 0.2867431640625001 0.3934492625 0.2681426603781497 0.4108386490803878 0.3603728699882042 0.5094924081264398
12 0.44682173281250004 0.5049050078125001 0.4164439491538395 0.49891522058605997 0.39048181321633946 0.6305846971485599 0.420859596875 0.6365744843750001
9 0.5700076577292296 0.32770309895711336 0.5641039318408735 0.2979385256029371 0.4083973662991438 0.3288225188333238 0.4143010921875 0.35858709218750007