7 0.5390625 0.13593750000000004 0.4546875 0.13593750000000004 0.4546875 0.15468750000000003 0.5390625 0.15468750000000003
7 0.5301846593749999 0.35403719843750003 0.52721613125 0.33712491093749997 0.4763934265524532 0.34604556275844595 0.4793619546774532 0.36295785025844596
12 0.5375 0.3296875000000001 0.496875 0.3296875000000001 0.496875 0.3390625000000001 0.5375 0.3390625000000001
7 0.5203125 0.2656250000000001 0.4578125 0.2656250000000001 0.4578125 0.2890625000000001 0.5203125 0.2890625000000001
10 0.5125 0.2015625000000001 0.4875 0.2015625000000001 0.4875 0.22656250000000008 0.5125 0.22656250000000008
7 0.521875 0.528125 0.478125 0.528125 0.478125 0.546875 0.521875 0.546875
7 0.53125 0.471875 0.4765625 0.471875 0.4765625 0.49375 0.53125 0.49375
11 0.5194202765625 0.43451482656249996 0.5174341322925202 0.41731598266715275 0.4686836725049928 0.42294574749059344 0.47066981677497255 0.4401445913859406
10 0.51875 0.409375 0.48125 0.409375 0.48125 0.4234375 0.51875 0.4234375
12 0.5394065156250001 0.7372325546875003 0.48489102500000014 0.7041958890625002 0.4711720802154189 0.7268342210987322 0.525687570840419 0.7598708867237323
12 0.5159861711261489 0.6692043136080519 0.4874303204400065 0.6382646617476916 0.47488125937500003 0.6498468578125001 0.5034371100611424 0.6807865096728604
11 0.5706652373313347 0.6831518960436975 0.5697409890625 0.6718139640625 0.5269208310174041 0.6753045880149137 0.5278450792862387 0.6866425199961113
11 0.5371455385845385 0.6572024465350639 0.5236372515624999 0.648504084375 0.5115274485066728 0.6673102334463182 0.5250357355287114 0.676008595606382
10 0.5375 0.5984375 0.503125 0.5984375 0.503125 0.615625 0.5375 0.615625
10 0.515625 0.6734375 0.4984375 0.6734375 0.4984375 0.690625 0.515625 0.690625
12 0.54761851875 0.88175825625 0.5211022607804072 0.8533171989373667 0.5056145355817725 0.8677567646755483 0.5321307935513653 0.8961978219881817
7 0.5343750000000002 0.8828125 0.4968750000000002 0.8828125 0.4968750000000002 0.9 0.5343750000000002 0.9
10 0.5281250000000002 0.9703125 0.48750000000000016 0.9703125 0.48750000000000016 0.9890625 0.5281250000000002 0.9890625
1 0.566855690625 0.03572776093750007 0.5112023663899923 0.03562549875459822 0.5094425667945297 0.9933470600959033 0.5650958910295374 0.9934493222788052
12 0.5261285953125 0.20370760781250005 0.5115324539242945 0.1854779960079698 0.49956165625000004 0.1950628109375001 0.5141577976382055 0.2132924227420304
11 0.5577503546874999 0.1585693359375 0.5501839630480241 0.14452421341483782 0.4891730674794438 0.17739201712407426 0.4967394591189196 0.19143713964673645
3 0.5671875 0.12500000000000008 0.5484375 0.12500000000000008 0.5484375 0.15781250000000008 0.5671875 0.15781250000000008
6 0.5359375 0.2593750000000001 0.5109375 0.2593750000000001 0.5109375 0.2906250000000001 0.5359375 0.2906250000000001
11 0.5568074902656333 0.23382140519063538 0.5424360796875 0.2219848625000001 0.516664178658434 0.2532759734897623 0.5310355892365674 0.26511251618039755
3 0.5453125 0.2000000000000001 0.51875 0.2000000000000001 0.51875 0.2234375000000001 0.5453125 0.2234375000000001
12 0.545421253125 0.37691983281250013 0.5162020593750001 0.3721923828125001 0.5103566178210812 0.4083216045532394 0.5395758115710811 0.41304905455323937
4 0.55 0.3187500000000001 0.525 0.3187500000000001 0.525 0.3625000000000001 0.55 0.3625000000000001
12 0.5564815085471675 0.45861407432367207 0.5433183156250001 0.43812144843749995 0.529878746519065 0.44675419476853984 0.5430419394412322 0.4672468206547119
6 0.54375 0.40625 0.51875 0.40625 0.51875 0.4328125 0.54375 0.4328125
12 0.5445207928006239 0.592336172612186 0.5250124257777916 0.5644378840356732 0.5072798296875 0.5768377125 0.5267881967103323 0.6047360010765128
11 0.5703457921875 0.5200195312500002 0.5551519552617252 0.5061922538493786 0.5352212021367253 0.5280927772868786 0.5504150390625001 0.5419200546875002
5 0.5671875 0.465625 0.5390625 0.465625 0.5390625 0.490625 0.5671875 0.490625
6 0.5453125 0.5296875 0.5234375 0.5296875 0.5234375 0.559375 0.5453125 0.559375
3 0.5546875 0.5984375 0.5296875 0.5984375 0.5296875 0.625 0.5546875 0.625
5 0.5328125 0.6734375 0.5078125 0.6734375 0.5078125 0.6984375 0.5328125 0.6984375
12 0.5165382788922549 0.8253721491819274 0.49909091807124806 0.8102647875864291 0.46529078761649323 0.8493002649670018 0.48273814843750007 0.8644076265624999
10 0.524158825 0.8110296078125 0.4914772734375001 0.8039772734374999 0.48753493377209656 0.8222466535038379 0.5202164853345965 0.8292989878788379
6 0.5437500000000002 0.8 0.5187500000000002 0.8 0.5187500000000002 0.83125 0.5437500000000002 0.83125
10 0.5293651468676239 0.7646057535177895 0.5292635828125001 0.7482854671875 0.49999930324491026 0.7484675840231373 0.5001008673000342 0.7647878703534268
4 0.5453125000000002 0.7421875 0.5203125000000002 0.7421875 0.5203125000000002 0.7703125 0.5453125000000002 0.7703125
11 0.5473915931240156 0.9442380866704564 0.5353282578125002 0.9413396656250003 0.5277870725009846 0.9727263570795438 0.5398504078125 0.975624778125
5 0.5500000000000002 0.8859375 0.5312500000000002 0.8859375 0.5312500000000002 0.9140625 0.5500000000000002 0.9140625
3 0.5453125000000002 0.971875 0.5218750000000002 0.971875 0.5218750000000002 0.9953125 0.5453125000000002 0.9953125
12 0.5709672406249999 0.12775767968750001 0.5563853875 0.08158180937500006 0.5381371471800225 0.08734441132131535 0.5527190003050224 0.1335202816338153
11 0.5720756680084045 0.21879430025411767 0.5655006083209817 0.20535065028501442 0.5390680484375 0.21827836406249998 0.5456431081249228 0.23172201403160325
11 0.5935391515624999 0.45284201875 0.5817319761503469 0.4370262563168505 0.5525568187500001 0.4588068187500001 0.5643639941621531 0.47462258118314954
11 0.5958085499999999 0.6062511093750002 0.5894132359887964 0.5895827349102396 0.550409490625 0.6045476734375002 0.5568048046362035 0.6212160479022607
11 0.6062344640624999 0.740378640625 0.5965798124999999 0.7181951343749998 0.5448404293891626 0.740713022681941 0.5544950809516627 0.7628965289319412
11 0.6051150411372028 0.8013006962924673 0.5387323020446817 0.8009443282349162 0.5386180852089426 0.8222201587875961 0.6050008243014637 0.822576526845147
11 0.6051080875000001 0.8974720343750002 0.5454545453125001 0.8934659093750001 0.5436975980688932 0.919627880486166 0.6033511402563931 0.923634005486166