7 0.665625 0.515625 0.64375 0.515625 0.64375 0.640625 0.665625 0.640625
12 0.5871672949174699 0.5530219607850829 0.5697582209337027 0.5398948803957566 0.5142959150787327 0.6134487367981738 0.5317049890625001 0.6265758171875
10 0.5515625 0.5453125 0.53125 0.5453125 0.53125 0.6265625 0.5515625 0.6265625
8 0.30156250000000007 0.5203125 0.2765625000000001 0.5203125 0.2765625000000001 0.6296875 0.30156250000000007 0.6296875
7 0.18125000000000008 0.5234375 0.15312500000000004 0.5234375 0.15312500000000007 0.6328125 0.18125000000000008 0.6328125
11 0.792364921528887 0.6769780030937447 0.7788463663371207 0.6571398041915348 0.7069126854332335 0.70615833859779 0.720431240625 0.7259965374999999
3 0.8199351921875 0.6469116218750001 0.7838394522524955 0.6293655102181994 0.7618168569399956 0.6746702414681993 0.797912596875 0.692216353125
11 0.6190348590825432 0.6380427681522125 0.5505038171875001 0.6224531687500001 0.5449055326593412 0.6470629269382174 0.6134365745543843 0.6626525263404298
4 0.6732946574259147 0.676134522019592 0.6719185918009146 0.629126353269592 0.6136641062500001 0.63083163125 0.6150401718750002 0.6778398
9 0.48167529043790525 0.6385801394051055 0.45673638750000006 0.4978998859375001 0.4353105642495948 0.5016981199698948 0.46024946718750004 0.6423783734375001
11 0.46558166029552145 0.6522461331569335 0.4229318147867188 0.5596791321308662 0.40153919531250004 0.5695356890625 0.44418904082130267 0.6621026900885673
11 0.5132138357442227 0.6151113871515431 0.45203949710512853 0.6003469852816078 0.44764293281249995 0.618563565625 0.5088172714515942 0.6333279674949355
5 0.5687394739046947 0.6236105042891803 0.5049382984375 0.5985773265625001 0.4905534057828055 0.6352395941483199 0.55435458125 0.6602727718750001
12 0.3797750033574305 0.6780240954348885 0.2738842461648356 0.6580347553612157 0.2708626162449052 0.6740414208638272 0.3767533734375001 0.6940307609375
4 0.4216258313448177 0.7019196709696116 0.37423283972245075 0.6415915441846206 0.34043745625 0.6681407578125003 0.38783044787236687 0.7284688845974913
6 0.31220592187500007 0.6388327859375 0.28634221486991485 0.6170591868907932 0.23639326174491485 0.6763909072032932 0.2622569687500001 0.6981645062500001
11 0.14062500000000008 0.6306818187500001 0.06000310781250008 0.6242897734375001 0.05839390289873121 0.6445864294721124 0.13901579508623121 0.6509784747846125
5 0.19288773906250004 0.6398759328125001 0.15997713336283956 0.6067066413412439 0.11970331142413793 0.6466663696034993 0.1526139171237984 0.6798356610747556
1 0.9307195484375 0.5868419296875 0.9291827891890501 0.540360764586849 0.06219504075154999 0.5690250942743491 0.0637318 0.6155062593750001
9 0.8200128734375 0.6448808156249999 0.7952880859375 0.505537553125 0.7755756848292019 0.5090352818258579 0.8003004723292019 0.6483785443258578
12 0.8011512881960954 0.6562691844658914 0.7844140930164727 0.556666466362494 0.7656804859374999 0.5598144531250002 0.7824176811171226 0.6594171712283975
12 0.6954554597698583 0.5773297527543322 0.6775568187500001 0.5635486953125001 0.6260500011676416 0.6304450159956679 0.6439486421875 0.6442260734375
5 0.4828125 0.63125 0.4484375 0.63125 0.4484375 0.671875 0.4828125 0.671875
12 0.46620143844731443 0.6776279790348837 0.44664205746052144 0.6556976272381061 0.38656854870070717 0.7092763685157226 0.4061279296875 0.7312067203125002
7 0.3739549951806862 0.6577326297221011 0.34335049687499997 0.5215620562499999 0.3192601141943137 0.5269763984028987 0.34986461249999995 0.6631469718749999
11 0.3989364130304408 0.7042314622216166 0.3775761156254907 0.7026320077260424 0.37212225728255 0.7754668626919259 0.39348255468750015 0.7770663171875001
11 0.27131260827399517 0.6736565967851851 0.25221912931497714 0.6598113648965839 0.18878116635348202 0.7472964587363989 0.20787464531250005 0.7611416906250001
12 0.20294744375 0.6460959687500001 0.1727960765625001 0.6429498843750001 0.16986046831610374 0.6710840955420956 0.2000118355036037 0.6742301799170956