1 0.562999378125 0.9997447625000001 0.5447865973584843 0.1288188981446637 0.5048075709152376 0.12965493858584243 0.5230203516817534 1.000580802941179
12 0.5688698515624999 0.16446755156250004 0.5468497884737401 0.15522242102921086 0.4901509995744199 0.29026766502265755 0.5121710626631797 0.29951279555594673
11 0.5748568453125 0.22275057656250005 0.5099954494897754 0.18303219274906102 0.4989425369897752 0.20108195368656104 0.5638039328125 0.24080033750000007
10 0.55 0.17656250000000007 0.515625 0.17656250000000004 0.515625 0.19531250000000006 0.55 0.19531250000000008
11 0.5964466437499999 0.418107465625 0.5113292518104405 0.2871666644146564 0.4927468221229406 0.2992460769146564 0.5778642140624999 0.43018687812499995
10 0.5578125 0.2906250000000001 0.525 0.2906250000000001 0.525 0.30937500000000007 0.5578125 0.30937500000000007
12 0.5441580921953435 0.5747213035637592 0.5290693796875 0.48122891562500014 0.5119332156171565 0.483994516748741 0.527021928125 0.5774869046875001
7 0.5703125 0.4421875 0.540625 0.4421875 0.540625 0.4609375 0.5703125 0.4609375
11 0.6486853437500001 0.5543871031250001 0.6413608653321964 0.5349109255144852 0.5359993856446964 0.5745346083269851 0.5433238640625001 0.5940107859375
12 0.5286682826609153 0.6821006224519104 0.51953125 0.5845059484375 0.5005009735890847 0.5862876056730896 0.50963800625 0.6838822796874999
10 0.5765625 0.56875 0.5453125 0.56875 0.5453125 0.5890625 0.5765625 0.5890625
11 0.620899546875 0.7190940156249999 0.5426585103616344 0.688614828385241 0.5359915031240925 0.7057292465816337 0.614232539637458 0.7362084338213926
7 0.5796875 0.6828125 0.5390625 0.6828125 0.5390625 0.70625 0.5796875 0.70625
12 0.5178957637553809 0.8149599861701793 0.5014204546875002 0.8011363640625001 0.4487346518696193 0.8639285091423208 0.46520996093750017 0.8777521312500001
11 0.6174871265624999 0.7704134859375 0.6107176158784562 0.7545359778893439 0.5187179682549428 0.7937608106292627 0.5254874789389865 0.8096383186774189
7 0.5656250000000002 0.7953125 0.5312500000000002 0.7953125 0.5312500000000002 0.815625 0.5656250000000002 0.815625
11 0.6015070140625001 0.9716075546875 0.537525799482546 0.9010886237189905 0.5223766227278626 0.9148333404261095 0.5863578373078167 0.9853522713946191
7 0.5718750000000001 0.896875 0.5359375000000002 0.896875 0.5359375000000002 0.9171875 0.5718750000000001 0.9171875
3 0.5125 0.17031250000000003 0.4875 0.17031250000000003 0.4875 0.20312500000000008 0.5125 0.20312500000000008
5 0.5234375 0.2875000000000001 0.4984375 0.2875000000000001 0.4984375 0.3203125000000001 0.5234375 0.3203125000000001
11 0.5345791906249999 0.4617587 0.5194304713249356 0.43942426941837026 0.42729048281250004 0.5019198328125001 0.4424392021125644 0.5242542633941298
6 0.5390625 0.4296875 0.515625 0.4296875 0.515625 0.4671875 0.5390625 0.4671875
6 0.54375 0.565625 0.51875 0.565625 0.51875 0.5953125 0.54375 0.5953125
6 0.5375 0.6734375 0.5140625 0.6734375 0.5140625 0.7109375 0.5375 0.7109375
3 0.5265625000000002 0.7875 0.5031250000000002 0.7875 0.5031250000000002 0.8171875 0.5265625000000002 0.8171875
12 0.5148875371712486 0.9026895431671758 0.42985557969178545 0.8861487624875333 0.427402569083037 0.8987590677578579 0.5124345265625001 0.9152998484375002
5 0.5343750000000002 0.8953125 0.5046875000000002 0.8953125 0.5046875000000002 0.9234375 0.5343750000000002 0.9234375
12 0.5027915471032739 0.0780129938076455 0.4838700734375 0.07776433750000007 0.48250321972628096 0.18177491638576074 0.5014246933920549 0.18202357269340616
12 0.5353227093750001 0.4380493156250001 0.46794544531250015 0.4208762421875001 0.4637099572375404 0.4374938615960895 0.5310872213000404 0.4546669350335895