7 0.8109375 0.4671875000000002 0.7859375 0.4671875000000002 0.7859375 0.5578125000000002 0.8109375 0.5578125000000002
10 0.7109375 0.4640625 0.6890625 0.4640625 0.6890625 0.5453125 0.7109375 0.5453125
8 0.628125 0.4640625 0.6125 0.4640625 0.6125 0.5671875 0.628125 0.5671875
7 0.4921875 0.4609375 0.4734375 0.4609375 0.4734375 0.5734375 0.4921875 0.5734375
7 0.4328125 0.46875 0.4078125 0.46875 0.4078125 0.5375 0.4328125 0.5375
10 0.3296875000000001 0.459375 0.2921875000000001 0.459375 0.2921875000000001 0.565625 0.3296875000000001 0.565625
8 0.2390625000000001 0.4578125 0.2015625000000001 0.4578125 0.2015625000000001 0.565625 0.2390625000000001 0.565625
6 0.8234375 0.4000000000000002 0.7828125 0.4000000000000002 0.7828125 0.4671875000000002 0.8234375 0.4671875000000002
5 0.709375 0.3890625000000001 0.671875 0.3890625000000001 0.671875 0.4484375 0.709375 0.4484375
12 0.5800502976238968 0.4133286616793833 0.5000273353962755 0.3799192820922598 0.49025516634621996 0.4033258201494922 0.5702781285738412 0.4367351997366156
6 0.621875 0.4109375 0.5703125 0.4109375 0.5703125 0.459375 0.621875 0.459375
12 0.49289772656249997 0.41761363593750006 0.43775523750000006 0.40870250312500006 0.4330325413327595 0.4379267585846728 0.4881750303952595 0.4468378913971728
4 0.525 0.3968750000000001 0.475 0.3968750000000001 0.475 0.465625 0.525 0.465625
11 0.4212646484375001 0.4125921078125 0.27760711009372524 0.35801703331499485 0.26900359401865603 0.3806640008514668 0.41266113236243085 0.435239075348972
12 0.39007705852957886 0.465594457073352 0.30823863593750006 0.40625 0.29023818366949217 0.43107335658976426 0.3720766062615709 0.4904178136631163
4 0.446875 0.4109375 0.39531250000000007 0.4109375 0.39531250000000007 0.46875 0.446875 0.46875
5 0.3156250000000001 0.3890625 0.2750000000000001 0.3890625 0.2750000000000001 0.4609375 0.3156250000000001 0.4609375
12 0.17157391051450233 0.4026726015105916 0.1234408296875 0.3484053171875 0.10330460022873722 0.36626541046799754 0.15143768105573954 0.42053269479108907
4 0.21250000000000008 0.396875 0.15625000000000006 0.396875 0.15625000000000006 0.4671875 0.21250000000000008 0.4671875
1 0.9352271170305034 0.4987478474826901 0.9346590906250002 0.46732954531250004 -0.00016843169150049104 0.4842307360385453 0.00039959471400271006 0.5156490382087353
12 0.8976352053751133 0.4123969221765697 0.894286128772265 0.3829448849637161 0.8198718588426376 0.3914067475010416 0.8232209354454859 0.42085878471389526
11 0.8256336562499997 0.4668801046875 0.8132721125 0.42853164062500004 0.7948185433916628 0.43448010837861284 0.8071800871416628 0.4728285724411128
12 0.7009698272567568 0.3923372093614978 0.6408277925809713 0.3028843718439305 0.6223202163657569 0.3153276136838731 0.6824622510415423 0.40478045120144035
11 0.7348632812500001 0.41076105312500005 0.7061644195417682 0.407680542395641 0.7043013140625002 0.4250377312500001 0.7330001757707321 0.4281182419793592
11 0.6501600141208665 0.5146629588759329 0.6195338734375 0.4521448437500001 0.599258552787631 0.4620772420856255 0.6298846934709976 0.5245953572115584
12 0.5480295797100935 0.407707259622217 0.536313924659235 0.394578000380918 0.5144597828124999 0.4140791453124999 0.5261754378633584 0.4272084045537988
11 0.2980568624999999 0.3899092234375 0.27747315060061717 0.3028600615942079 0.24985955030582468 0.3093895948020744 0.2704432622052074 0.3964387566453665
11 0.17309061145618182 0.4589037680491006 0.16285289375000006 0.4322343312500001 0.09454854791881825 0.4584546303883995 0.104786265625 0.4851240671875
12 0.21872780468750008 0.38267933281250005 0.20333912578405106 0.3796879403313793 0.19218306093750007 0.4370783031250001 0.20757173984094907 0.44006969560612086
11 0.5055428438177553 0.5733892394086356 0.504277659375 0.4476422999999999 0.4863557764947447 0.44782261840386417 0.48762096093749996 0.5735695578125