11 0.7745595777871281 0.5280355609385439 0.7582677953104844 0.5092060117007041 0.6753974487733563 0.5809074445121605 0.69168923125 0.5997369937500002
7 0.7796875 0.5140625000000002 0.7578125 0.5140625000000002 0.7578125 0.5640625000000001 0.7796875 0.5640625000000001
11 0.6788519914957355 0.6157877981413309 0.660251617675401 0.5103540425110763 0.6365287980546653 0.5145391662447455 0.6551291718749999 0.6199729218750001
7 0.6609375 0.50625 0.646875 0.50625 0.646875 0.5625 0.6609375 0.5625
0 0.8982582641465633 0.5192464621192372 0.8965884767978078 0.48019770386853083 -0.0010925582905474823 0.5185839804815917 0.0005772290582078843 0.5576327387322981
10 0.5203125 0.5078125 0.5015625 0.5078125 0.5015625 0.5578125 0.5203125 0.5578125
12 0.4474536261940565 0.5902971966199162 0.38418451917922175 0.5203170135676913 0.3682383507976653 0.5347339497602752 0.43150745781250005 0.6047141328125
12 0.3275806773686322 0.49765559399850073 0.32010165156250003 0.4748146750000001 0.24595956226189894 0.49909174542944096 0.2534385880680311 0.5219326644279416
11 0.36632574875670176 0.5369749130917374 0.3609376096553759 0.5083113724144478 0.29673033589867415 0.5203809811977104 0.302118475 0.549044521875
8 0.3828125000000001 0.53125 0.36406250000000007 0.53125 0.36406250000000007 0.575 0.3828125000000001 0.575
8 0.23593750000000008 0.5296875 0.21093750000000008 0.5296875 0.21093750000000008 0.5796875 0.23593750000000008 0.5796875
8 0.04687500000000007 0.5046875 0.02187500000000006 0.5046875 0.021875000000000065 0.5515625 0.04687500000000007 0.5515625
3 0.7890625 0.4828125000000002 0.7578125 0.4828125000000002 0.7578125 0.5140625000000002 0.7890625 0.5140625000000002
12 0.6471432204197606 0.47666160203303043 0.598988296316382 0.42908434067305523 0.5726484812499999 0.45574396250000004 0.6208034053533785 0.5033212238599754
5 0.6640625 0.478125 0.628125 0.478125 0.628125 0.50625 0.6640625 0.50625
6 0.528125 0.4796875 0.4984375 0.4796875 0.4984375 0.5046875 0.528125 0.5046875
6 0.3890625000000001 0.5109375 0.3546875000000001 0.5109375 0.3546875000000001 0.5359375 0.3890625000000001 0.5359375
12 0.21263485755988257 0.5085465853362751 0.13749315416439536 0.39860367340655783 0.11513450000000003 0.4138849437500001 0.19027620339548726 0.5238278556797173
6 0.2484375000000001 0.50625 0.19531250000000006 0.50625 0.19531250000000006 0.525 0.2484375000000001 0.525
11 0.028752192909701747 0.5802961500523294 0.017952973570340626 0.5619554750570296 -0.008429945901861169 0.5774900687547001 0.0023692734374999524 0.5958307437499999
6 0.04375000000000007 0.559375 0.015625000000000066 0.559375 0.01562500000000007 0.584375 0.04375000000000007 0.584375
12 0.7972242323937485 0.38164170099802275 0.7722556374999999 0.37763560937500007 0.7548395588487704 0.48618405344480864 0.779808153742519 0.4901901450678315
12 0.5178003720189379 0.4807582855333389 0.48635632007345625 0.389311972702768 0.46167007305451835 0.39780040279442924 0.49311412499999996 0.4892467156250001
11 0.5423826458621274 0.49776859252105216 0.525129631332227 0.4900007612341106 0.5168179593749999 0.5084616921875 0.5340709739049002 0.5162295234744416
12 0.12664795000000012 0.5854769625000001 0.03442147045416995 0.563908879256553 0.027768637641669945 0.5923568105065529 0.11999511718750011 0.6139248937499999