1 0.8711811018553364 0.5447865973584844 0.8703450614141577 0.5048075709152379 -0.0005808029411787027 0.5230203516817534 0.0002552374999999996 0.562999378125
12 0.8438604821298424 0.5464634323319781 0.7073863640625001 0.49573863593750006 0.6990583303701577 0.518145055168022 0.8355324484375 0.5688698515625001
11 0.8131271826031259 0.5068295069409012 0.7944446845653157 0.49697631877776294 0.7585669253996897 0.5650036571493618 0.7772494234374999 0.5748568453125001
10 0.8234375 0.5156250000000002 0.8046875 0.5156250000000002 0.8046875 0.5500000000000002 0.8234375 0.5500000000000002
11 0.7122263988542462 0.5101847527110932 0.6999943985321359 0.49170331376868737 0.5696605340528896 0.5779652048075942 0.581892534375 0.59644664375
10 0.709375 0.525 0.690625 0.525 0.690625 0.559375 0.709375 0.559375
12 0.5187710843749999 0.5290693796875001 0.5160054832512591 0.5119332156171565 0.4225130953124999 0.527021928125 0.42527869643624083 0.5441580921953435
7 0.559375 0.540625 0.540625 0.540625 0.540625 0.5703125 0.559375 0.5703125
11 0.46514854388161425 0.6409928402460737 0.42391086828939006 0.5362668985117901 0.40437522128277575 0.5439594020157166 0.445612896875 0.6486853437500001
12 0.4154940515625 0.51953125 0.4137123943269104 0.5005009735890847 0.31611772031249996 0.5096380062499999 0.3178993775480895 0.5286682826609151
10 0.4328125 0.5453125 0.4109375 0.5453125 0.4109375 0.5765625 0.4328125 0.5765625
11 0.31138517161475904 0.5426585103616344 0.2942707534183664 0.5359915031240925 0.26379156617860744 0.6142325396374582 0.2809059843750001 0.620899546875
7 0.31718750000000007 0.5390625 0.2953125000000001 0.5390625 0.2953125000000001 0.5796875 0.31718750000000007 0.5796875
12 0.1988636359375001 0.5014204546875001 0.13498877094083667 0.4495272902711648 0.12146154568039758 0.4661778394717837 0.18533641067706103 0.518071003888119
11 0.24389492368868976 0.6116938990744349 0.20625632134556593 0.5187321534512634 0.19029561993415914 0.5251943652945782 0.22793422227728297 0.6181561109177497
7 0.20468750000000008 0.53125 0.18437500000000004 0.53125 0.18437500000000007 0.565625 0.20468750000000008 0.565625
11 0.09891137628100966 0.5375257994825459 0.08516665957389051 0.5223766227278623 0.014647728605380817 0.5863578373078167 0.02839244531249996 0.6015070140625001
7 0.10312500000000006 0.5359375 0.08437500000000006 0.5359375 0.08437500000000006 0.5734375 0.10312500000000009 0.5734375
3 0.8296875 0.48750000000000016 0.796875 0.48750000000000016 0.796875 0.5125000000000002 0.8296875 0.5125000000000002
5 0.7140625 0.4984375 0.6796875 0.4984375 0.6796875 0.5234375 0.7140625 0.5234375
11 0.5560380626600582 0.5239028922486134 0.4980801671875 0.4272904828125001 0.4756987695120779 0.44071710900444544 0.5336566649846362 0.5373295184405588
6 0.5703125 0.515625 0.5328125 0.515625 0.5328125 0.540625 0.5703125 0.540625
6 0.4359375 0.51875 0.4046875 0.51875 0.4046875 0.54375 0.4359375 0.54375
6 0.3265625000000001 0.5140625 0.2890625000000001 0.5140625 0.2890625000000001 0.5375 0.3265625000000001 0.5375
3 0.21250000000000008 0.503125 0.18281250000000004 0.503125 0.18281250000000004 0.5265625 0.21250000000000008 0.5265625
12 0.113851237512467 0.4298555796917853 0.10124093224214248 0.4274025690830368 0.08470015156250006 0.5124345265625 0.09731045683282458 0.5148875371712486
5 0.10468750000000004 0.5046875 0.07656250000000006 0.5046875 0.07656250000000006 0.534375 0.10468750000000004 0.534375
12 0.9224837803672894 0.5027505745451689 0.9222356625 0.4838700734375 0.8181744876052548 0.4852375920555333 0.8184226054725443 0.5041180931632022
12 0.5791237578125001 0.46794544531250004 0.5625061384039106 0.4637099572375403 0.5453330649664105 0.5310872213000403 0.5619506843750001 0.535322709375