0 0.7026866241066304 0.5340945264421298 0.06637583144767378 0.5331365465138211 0.06628029984162279 0.5965906859733113 0.7025910925005794 0.59754866590162
12 0.6375233046875001 0.49236505625000004 0.6205282384865987 0.4830044152201058 0.5994318187500001 0.5213068187500001 0.6164268849509014 0.5306674597798944
11 0.6585897908501893 0.5184531260453176 0.6571739009132244 0.5013439959779898 0.6194725600630349 0.5044640230576721 0.6208884499999999 0.521573153125
7 0.68125 0.5328125 0.6625 0.5328125 0.6625 0.5953125 0.68125 0.5953125
11 0.5467301985755484 0.5240469763314446 0.5091158563616831 0.5127482342568765 0.5036565609374999 0.5309226296875 0.5412709031513652 0.5422213717620679
6 0.5578125 0.5328125 0.521875 0.5328125 0.521875 0.5609375 0.5578125 0.5609375
12 0.5651799984375 0.49739213437499996 0.5457355645683075 0.49290127293746816 0.5322079536308075 0.5514728276249683 0.5516523875 0.5559636890625
11 0.5875 0.5296875 0.553125 0.5296875 0.553125 0.5328125 0.5875 0.5328125
3 0.615625 0.525 0.584375 0.525 0.584375 0.5453125 0.615625 0.5453125
11 0.584375 0.546875 0.553125 0.546875 0.553125 0.5484375 0.584375 0.5484375
7 0.6109375 0.5453125 0.5953125 0.5453125 0.5953125 0.5984375 0.6109375 0.5984375
7 0.5375 0.5578125 0.521875 0.5578125 0.521875 0.6171875 0.5375 0.6171875
12 0.3794324462555541 0.5215512771950845 0.33096590937500003 0.5042613640625001 0.3253042221765582 0.5201320262980614 0.3737707590571122 0.5374219394306459
7 0.40625 0.5328125 0.38750000000000007 0.5328125 0.38750000000000007 0.6109375 0.40625 0.6109375
12 0.44259920937499997 0.46257435156250004 0.42504741809869256 0.45223635021258096 0.38914998365302356 0.5131827803221342 0.406701774929331 0.5235207816720532
11 0.44855606691647587 0.5284874194714836 0.4034812234375 0.5168235078125 0.39830672683352414 0.5368201977160164 0.44338157031250003 0.548484109375
11 0.47077525781250007 0.5247025921875 0.4696266875000001 0.5082563921875 0.4545003625706979 0.5093127850169089 0.45564893288319785 0.5257589850169089
8 0.4765625 0.540625 0.45625 0.540625 0.45625 0.609375 0.4765625 0.609375
11 0.2128569987219643 0.49345751646142605 0.1918227764110471 0.44353315675401045 0.17296808437500005 0.4514770500000001 0.19400230668591723 0.5014014097074158
12 0.1889588610841323 0.5386948688214612 0.15548428593750002 0.5005826078125 0.1400872139158677 0.5141060889910387 0.17356178906249997 0.55221835
12 0.20538215032048662 0.5216112641871273 0.19240139383800783 0.5177573733385311 0.18622689664252118 0.5385544450889037 0.19920765312500002 0.5424083359375
10 0.2140625000000001 0.528125 0.19531250000000006 0.528125 0.19531250000000006 0.609375 0.2140625000000001 0.609375
10 0.27031250000000007 0.528125 0.2531250000000001 0.528125 0.2531250000000001 0.603125 0.27031250000000007 0.603125
12 0.2875000000000001 0.525 0.2687500000000001 0.525 0.2687500000000001 0.5984375 0.2875000000000001 0.5984375
7 0.3421875000000001 0.53125 0.3234375000000001 0.53125 0.3234375000000001 0.609375 0.3421875000000001 0.609375
11 0.1309814453125 0.5115411937500001 0.1294697206745393 0.496845418801869 0.09155024254953929 0.5007461188018689 0.0930619671875 0.51544189375
10 0.14687500000000006 0.5140625 0.12187500000000004 0.5140625 0.12187500000000007 0.6203125 0.1468750000000001 0.6203125
5 0.6890625 0.503125 0.659375 0.503125 0.659375 0.53125 0.6890625 0.53125
12 0.4508531791609058 0.5157195785315408 0.38665686010833983 0.46683420888459626 0.37548828125 0.48150079843750015 0.43968460030256595 0.5303861680844447
6 0.4140625 0.5078125 0.3812500000000001 0.5078125 0.3812500000000001 0.5390625 0.4140625 0.5390625
5 0.4671875 0.5109375 0.4296875 0.5109375 0.4296875 0.5421875 0.4671875 0.5421875
11 0.27840909062499997 0.497159090625 0.2461288577200746 0.46673343109453747 0.2307350859375 0.48306551875000003 0.2630153188424254 0.5134911782804626
5 0.2828125000000001 0.5015625 0.2484375000000001 0.5015625 0.2484375000000001 0.5265625 0.2828125000000001 0.5265625
11 0.32595622871782937 0.5106667479792271 0.31273304374999994 0.46121493281249987 0.2949952791714561 0.46595792841634404 0.3082184641392855 0.5154097435830712
6 0.3359375000000001 0.5125 0.3062500000000001 0.5125 0.3062500000000001 0.540625 0.3359375000000001 0.540625
3 0.22031250000000008 0.49375 0.19062500000000004 0.49375 0.19062500000000004 0.525 0.22031250000000008 0.525
6 0.15156250000000004 0.490625 0.12656250000000005 0.490625 0.12656250000000005 0.5125 0.15156250000000004 0.5125
12 0.7261303185231067 0.4700282999089424 0.7144886359375 0.45738636406250005 0.6715359189768932 0.4969405829035575 0.6831776015625 0.5095825187499999