7 0.521875 0.017187500000000057 0.425 0.01718750000000005 0.425 0.03593750000000006 0.521875 0.03593750000000007
7 0.528125 0.12031250000000004 0.4171875 0.12031250000000004 0.4171875 0.14375000000000004 0.528125 0.14375000000000004
12 0.47465776895889966 0.16188639905079694 0.45736496275677874 0.1614225295144035 0.453682203172879 0.29871382108860656 0.4709750093749999 0.299177690625
11 0.5529887536840746 0.22730992443913886 0.4436645515625 0.22356911406250002 0.44300369612885265 0.24288244078239649 0.5523278982504273 0.24662325115903533
8 0.553125 0.22031250000000008 0.4453125 0.22031250000000008 0.4453125 0.2453125000000001 0.553125 0.2453125000000001
12 0.5663151681588343 0.34989615271292557 0.537891734375 0.3363037109375001 0.46373790718197083 0.49136829990999686 0.4921613409658052 0.5049607416854224
12 0.5437677562499998 0.3368863187500001 0.5266168765624999 0.321843928125 0.46642542914300994 0.3904723993995355 0.48357630883050984 0.40551479002453544
10 0.55 0.3000000000000001 0.46875 0.3000000000000001 0.46875 0.3203125000000001 0.55 0.3203125000000001
7 0.5484375 0.3968750000000001 0.4734375 0.3968750000000001 0.4734375 0.4234375 0.5484375 0.4234375
12 0.5786576703125001 0.47914262187500006 0.557337526981907 0.4627917122206321 0.47754012294748416 0.5668404854929283 0.4988602662780773 0.5831913951472962
7 0.553125 0.4953125 0.490625 0.4953125 0.490625 0.521875 0.553125 0.521875
7 0.5671875 0.5765625 0.49375 0.5765625 0.49375 0.6 0.5671875 0.6
12 0.5284257375000001 0.7127186171875002 0.48483699134458336 0.6984978553292593 0.47606457415708336 0.7253866162667595 0.5196533203125001 0.7396073781250001
7 0.565625 0.6953125 0.48125 0.6953125 0.48125 0.7234375 0.565625 0.7234375
12 0.41670451749835735 0.1271262965328171 0.3225362181741485 -0.015146946449159837 0.2939036614692706 0.003804467841325443 0.38807196079347944 0.1460777108233024
4 0.43125 0.01093750000000005 0.3859375 0.010937500000000048 0.3859375 0.04687500000000005 0.43125 0.046875000000000056
11 0.45849611984753424 0.32022732360163547 0.4017747502440587 0.15228829060505628 0.36222493325355776 0.16564623215824908 0.4189463028570334 0.3335852651548283
5 0.428125 0.11562500000000005 0.3890625 0.11562500000000005 0.3890625 0.15468750000000003 0.428125 0.15468750000000003
6 0.446875 0.2171875000000001 0.4203125 0.2171875000000001 0.4203125 0.26250000000000007 0.446875 0.26250000000000007
0 0.5750279082411612 0.8226686381881532 0.48395516067431643 0.0004934961803399584 0.43594918055815535 0.0058111423671868 0.5270219281250001 0.8279862843749999
11 0.47070459357188954 0.3417385955443561 0.45549782063504446 0.3292046415956233 0.36266924147101753 0.44182856946157906 0.3778760144078626 0.45436252341031197
6 0.471875 0.29375000000000007 0.440625 0.29375000000000007 0.440625 0.34843750000000007 0.471875 0.34843750000000007
6 0.4765625 0.3859375000000001 0.4453125 0.3859375000000001 0.4453125 0.4328125 0.4765625 0.4328125
6 0.496875 0.4953125 0.4640625 0.4953125 0.4640625 0.5265625 0.496875 0.5265625
11 0.4860283977784151 0.5899418900491239 0.4467342535682552 0.5883847037108946 0.44196619464561404 0.7087022214729888 0.481260338855774 0.7102594078112181
3 0.5015625 0.5703125 0.4671875 0.5703125 0.4671875 0.6046875 0.5015625 0.6046875
3 0.4906250000000001 0.6921875 0.453125 0.6921875 0.4531250000000001 0.728125 0.4906250000000002 0.728125
11 0.38786177187500004 0.04319624531249999 0.38476469949792375 0.021278792427713532 0.2559694229354237 0.039478365865213555 0.2590664953125 0.06139581875000002
12 0.4202104046875001 0.0013039328125000519 0.3868412793854269 0.0008663521306315417 0.38658105060162223 0.02071093680677307 0.4199501759036954 0.02114851748864158
12 0.42954323437499997 0.26363037187499994 0.42821477607038805 0.23736933297790008 0.2991143245078881 0.24390009391540007 0.3004427828125 0.2701611328124999
11 0.46224962674160563 0.43386454525501056 0.4366215365817169 0.40210029961936494 0.33998784823825734 0.4800664791331517 0.36561593839814605 0.5118307247687973
11 0.48644996963307124 0.5253618645862782 0.46876509762489976 0.5053682007756896 0.3794986326793285 0.5843265158769114 0.39718350468749997 0.6043201796875001
11 0.45588267968749996 0.7319890796875002 0.45001540656386785 0.7064265305936979 0.3586846175013679 0.7273893337186979 0.36455189062500004 0.7529518828125001